#Species	Ordered Freq (GHz) (rest frame)	Resolved QNs	CDMS/JPL Intensity	Lovas/AST Intensity	E_L (cm^-1)	E_L (K)	Linelist
SO3&Sigma;v=0	100.02964	4(5)-4(4)	-4.2274	 0.38m	23.4748	33.7748	JPL
HC3Nv=0	100.076392	J=11-10	-2.1673	1.28	16.6912	24.0148	CDMS
H2CO	101.332991	6(1,5)-6(1,6)	-4.0441		57.4804	82.701	CDMS
H2CS	101.47762	3(1,3)-2(1,2)	-3.6341	0.49	12.5521	18.0596	JPL
H2CS	103.03999	3(2,2)-2(2,1)	-4.3594	0.2	40.0668	57.6469	JPL
H2CS	103.04022	3(0,3)-2(0,2)	-4.0278	0.2	3.4374	4.9456	JPL
H2CS	103.05181	3(2,1)-2(2,0)	-4.3593	0.13	40.0669	57.647	JPL
H2CS	104.61704	3(1,2)-2(1,1)	-3.6079	0.77	12.6568	18.2102	JPL
SO3&Sigma;v=0	109.25222	2(3)-1(2)	-3.4962	 2.42m	10.9871	15.8079	JPL
H2CS	109.7093633	14(1,13)-14(1,14)	-5.0909		127.5742	183.5498	JPL
C18O	109.7821734	1-0	-5.0708	2.1	0	0	CDMS
C15N	110.02459	N=1-0,J=3/2-1/2,F=2-1	-3.2125	0.18	0.0006	0.0009	CDMS
13COv=0	110.2013543	1-0	-5.0662	9.3	0	0	CDMS
CH3CNv=0	110.330345	6(5)-5(5)	-3.7883		133.3111	191.8062	JPL
CH3CNv=0	110.3494703	6(4)-5(4)	-3.4355		88.6465	127.5434	JPL
CH3CNv=0	110.3643537	6(3)-5(3)	-2.9316		53.8969	77.5461	JPL
CH3CNv=0	110.374989	6(2)-5(2)	-3.1071		29.07	41.8255	JPL
CH3CNv=0	110.381372	6(1)-5(1)	-3.0371		14.1717	20.39	JPL
CH3CNv=0	110.3834999	6(0)-5(0)	-3.5038		9.2051	13.2442	JPL
CH3CNv=0	110.3834999	6(0)-5(0)	-3.0145		9.2052	13.2443	JPL
C17O	112.358982	J=1-0,F=7/2-5/2	-5.3942	0.43	0	0	CDMS
CNv=0	113.4909702	N=1-0,J=3/2-1/2,F=5/2-3/2	-3.2691	3.23	0	0	CDMS
COv=0	115.2712018	1-0	-5.0105	60	0	0	CDMS
H2CO	116.7187681	14(2,12)-14(2,13)	-4.6652		287.063	413.0172	CDMS
H2S	119.66442	4(2,2)-5(1,5)	-6.9748		166.3442	239.3338	CDMS
H2CS	125.3412339	15(1,14)-15(1,15)	-5.0397		144.4779	207.8703	JPL
H2CO	125.5709381	15(2,13)-16(0,16)	-6.2201		324.0311	466.2058	CDMS
SO3&Sigma;v=0	129.138923	3(3)-2(2)	-3.1098	1.5	13.4238	19.3137	JPL
t-HCOOH	129.6718163	6(1,6)-5(1,5)	-3.8608		13.037	18.7572	CDMS
H2CO	135.0304399	7(1,6)-7(1,7)	-3.892		73.8907	106.3116	CDMS
H2CS	135.297811	4(1,4)-3(1,3)	-3.2444	0.64	15.937	22.9297	JPL
H2CO	135.4487402	14(2,12)-15(0,15)	-6.0795		286.4383	412.1184	CDMS
SO3&Sigma;v=0	136.634799	5(6)-5(5)	-4.0835	0.4	30.6538	44.1037	JPL
H2CS	137.36917	4(3,2)-3(3,1)	-3.7147	  b	89.1451	128.2592	JPL
H2CS	137.36917	4(3,2)-3(3,1)	-3.7147	  b	89.1451	128.2592	JPL
H2CS	137.371051	4(0,4)-3(0,3)	-3.6615	0.37	6.8745	9.8908	JPL
H2CS	137.382029	4(2,3)-3(2,2)	-3.8626	0.1	43.5038	62.5919	JPL
H2CS	137.41177	4(2,2)-3(2,1)	-3.8624	0.09	43.5043	62.5926	JPL
SO3&Sigma;v=0	138.1786	4(3)-3(2)	-2.8674	2	6.4122	9.2257	JPL
13CSv=0	138.739335	3-2	-2.2799	0.5	4.6279	6.6585	CDMS
H2CS	139.48341	4(1,3)-3(1,2)	-3.2185	0.17	16.1465	23.2311	JPL
H2CO	140.839502	2(1,2)-1(1,1)	-2.9773		10.539	15.1632	CDMS
H2CS	142.0000259	16(1,15)-16(1,16)	-4.9962		162.5056	233.808	JPL
DCO+v=0	144.077289	J=2-1	-1.6267	0.3	2.403	3.4574	CDMS
CCD	144.2419354	N=2-1,J=5/2-3/2,F=7/2-5/2	-3.6095		2.4056	3.4611	CDMS
C34Sv=0	144.6171007	3-2	-2.2263	1.2	4.824	4.8629	CDMS
DCNv=0	144.8279913	J=2-1,F=1-2	-2.1833	  b	2.4155	3.4753	JPL
H2CO	145.602949	2(0,2)-1(0,1)	-3.2839		2.4296	3.4956	CDMS
CSv=0	146.9690287	3-2	-2.2055	8.1	4.9025	7.0536	CDMS
H2CO	148.679198	15(2,13)-15(2,14)	-4.5688		323.2603	465.0968	CDMS
H2CO	150.498334	2(1,1)-1(1,0)	-2.9203		10.7001	15.395	CDMS
H2CO	154.02527	13(2,11)-14(0,14)	-5.9125		251.0991	361.2735	CDMS
N2D+	154.2170112	J=2-1	-1.8756	  b	2.5721	3.7007	CDMS
SO3&Sigma;v=0	158.9718	3(4)-2(3)	-2.9291	3.5	14.6314	21.0512	JPL
H2CS	159.6812398	17(1,16)-17(1,17)	-4.9599		181.6564	261.3615	JPL
H2S	168.7627624	1(1,0)-1(0,1)	-2.8337		13.7463	19.778	CDMS
H2CS	169.113529	5(1,5)-4(1,4)	-2.954	0.541	20.4501	29.423	JPL
H2CS	171.67065	5(4,2)-4(4,1)	-4.1293		157.3534	226.3951	JPL
H2CS	171.67065	5(4,2)-4(4,1)	-4.1293		157.3534	226.3951	JPL
H2CS	171.6879	5(0,5)-4(0,4)	-3.3816		11.4567	16.4835	JPL
H2CS	171.710971	5(3,3)-4(3,2)	-3.2695		93.7272	134.8518	JPL
H2CS	171.710971	5(3,3)-4(3,2)	-3.2695		93.7272	134.8518	JPL
H2CS	171.72023	5(2,4)-4(2,3)	-3.5334		48.0864	69.1852	JPL
H2CS	171.779449	5(2,3)-4(2,2)	-3.5331		48.0879	69.1874	JPL
HC15Nv=0	172.107956	2-1	-1.6295	0.45	2.8705	4.13	JPL
SO3&Sigma;v=0	172.18146	4(4)-3(3)	-2.7223		17.7314	25.5114	JPL
H13CNv=0	172.6778512	J=2-1	-1.6548		2.88	4.1437	CDMS
SO3&Sigma;v=0	173.174405	16(16)-17(16)	-5.9981		198.5397	285.6527	JPL
H2CO	173.461705	8(1,7)-8(1,8)	-3.7684		92.6337	133.2785	CDMS
H13CO+	173.5067003	2-1	-1.3868	0.28	2.8938	4.1635	CDMS
SO3&Sigma;v=0	173.7058109	15(15)-16(15)	-5.9755		175.5659	252.5987	JPL
SO3&Sigma;v=0	174.3270943	14(14)-15(14)	-5.9573		154.0218	221.6017	JPL
H2CS	174.34485	5(1,4)-4(1,3)	-2.9284		20.7991	29.9251	JPL
CCHv=0	174.663222	N=2-1,J=5/2-3/2,F=3-2	-3.2101		2.9141	4.1927	JPL
SO3&Sigma;v=0	174.92886	6(7)-6(6)	-3.9799		39.2682	56.4979	JPL
SO3&Sigma;v=0	175.055974	13(13)-14(13)	-5.9438		133.9072	192.6615	JPL
SO3&Sigma;v=0	175.9151255	12(12)-13(12)	-5.9353		115.2217	165.7774	JPL
SO3&Sigma;v=0	176.934014	11(11)-12(11)	-5.9321		97.9646	140.9484	JPL
HCNv=0	177.2611115	J=2-1	-1.6188		2.9564	4.2536	CDMS
SO3&Sigma;v=0	178.1515912	10(10)-11(10)	-5.9346		82.135	118.1733	JPL
HCO+v=0	178.3750563	2-1	-1.367		2.975	4.2803	CDMS
H2CS	178.379617	18(1,17)-18(1,18)	-4.9302		201.9299	290.5304	JPL
SO3&Sigma;v=0	178.605403	5(4)-4(3)	-2.5568		11.0213	15.8571	JPL
SO3&Sigma;v=0	179.620354	9(9)-10(9)	-5.9434		67.7314	97.4498	JPL
H2CO	181.017384	12(2,10)-13(0,13)	-5.7384		218.0209	313.6816	CDMS
SO3&Sigma;v=0	181.4126187	8(8)-9(8)	-5.9593		54.7518	78.7752	JPL
H2Ov=0	183.310087	3(1,3)-2(2,0)	-3.6463		136.1639	195.9097	JPL
SO3&Sigma;v=0	183.6304989	7(7)-8(7)	-5.9835		43.1928	62.1444	JPL
13CSv=0	184.981772	4-3	-1.9163		9.2558	13.317	CDMS
N2H+v=0	186.344771	J=2-1	-1.4139		3.1079	4.4715	JPL
C34Sv=0	192.8184566	4-3	-1.8632		9.6479	9.7258	CDMS
CSv=0	195.9542109	4-3	-1.8426	3.3	9.8048	14.1068	CDMS
H2CS	198.0890571	19(1,18)-19(1,19)	-4.9067		223.3254	321.3136	JPL
H2CS	202.9235152	6(1,6)-5(1,5)	-2.7239		26.0911	37.5391	JPL
H2S	204.14017	4(1,4)-3(2,1)	-5.5744		107.3682	154.4799	CDMS
H2CS	205.9425235	6(5,1)-5(5,0)	-3.6686		244.4197	351.6634	JPL
H2CS	205.9425235	6(5,1)-5(5,0)	-3.6686		244.4197	351.6634	JPL
H2CS	205.9873911	6(0,6)-5(0,5)	-3.1573	0.151	17.1836	24.7232	JPL
H2CS	206.0018797	6(4,3)-5(4,2)	-3.7164		163.0797	234.634	JPL
H2CS	206.00188	6(4,2)-5(4,1)	-3.7164		163.0797	234.634	JPL
H2CS	206.0519426	6(3,4)-5(3,3)	-2.9762		99.4549	143.0926	JPL
H2CS	206.0522403	6(3,3)-5(3,2)	-2.9762		99.4549	143.0926	JPL
H2CS	206.0535835	6(2,5)-5(2,4)	-3.2845		53.8143	77.4263	JPL
H2CS	206.158016	6(2,4)-5(2,3)	-3.2841		53.8178	77.4314	JPL
SO3&Sigma;v=0	206.176005	4(5)-3(4)	-2.568	9	19.9341	28.6806	JPL
H2CS	209.2001012	6(1,5)-5(1,4)	-2.6987		26.6147	38.2924	JPL
H2CO	211.211468	3(1,3)-2(1,2)	-2.3877		15.2369	21.9224	CDMS
SO3&Sigma;v=0	214.357039	7(8)-7(7)	-3.9036	0.24	49.3181	70.9573	JPL
SO3&Sigma;v=0	215.220653	5(5)-4(4)	-2.4348	3	23.4748	33.7748	JPL
H2CO	215.9761636	11(2,9)-12(0,12)	-5.5745		187.2133	269.3566	CDMS
DCO+v=0	216.1125822	J=3-2	-1.111	2.5	7.2089	10.3719	CDMS
CCD	216.3728371	N=3-2,J=7/2-5/2,F=9/2-7/2	-3.143		7.217	10.3837	CDMS
H2CO	216.568651	9(1,8)-9(1,9)	-3.6678		113.705	163.5952	CDMS
H2S	216.7104365	2(2,0)-2(1,1)	-3.0171		51.1402	73.5798	CDMS
DCNv=0	217.2386307	J=3-2,F=2-2	-1.7046	0.7	7.2464	10.4259	JPL
H2CO	218.222192	3(0,3)-2(0,2)	-2.769		7.2864	10.4834	CDMS
H2CO	218.475632	3(2,2)-2(2,1)	-3.0914		40.0402	57.6086	CDMS
H2CO	218.760066	3(2,1)-2(2,0)	-3.0903		40.0426	57.612	CDMS
H2CS	218.8025328	20(1,19)-20(1,20)	-4.8889		245.8423	353.7102	JPL
C18O	219.5603541	2-1	-4.1794	3.5	3.6619	5.2686	CDMS
C15N	219.93482	N=2-1,J=5/2-3/2,F=3-2	-2.397	0.6	3.6707	5.2813	CDMS
SO3&Sigma;v=0	219.949442	6(5)-5(4)	-2.3094	4.3	16.979	24.4289	JPL
13COv=0	220.3986842	2-1	-4.1749	17	3.6759	5.2888	CDMS
CH3CNv=0	220.7090165	12(3)-11(3)	-2.0007		85.1873	122.5663	JPL
CH3CNv=0	220.7302607	12(2)-11(2)	-2.2341		60.3634	86.85	JPL
CH3CNv=0	220.7430106	12(1)-11(1)	-2.1939		45.4669	65.4172	JPL
CH3CNv=0	220.7472612	12(0)-11(0)	-2.1804		40.501	58.2723	JPL
C17O	224.714187	J=2-1,F=5/2-5/2	-4.628	1.5	3.7479	5.3924	CDMS
H2CO	225.697775	3(1,2)-2(1,1)	-2.3315		15.7202	22.6177	CDMS
CNv=0	226.8747813	N=2-1,J=5/2-3/2,F=7/2-5/2	-2.4751	 8.0b	3.7857	5.4467	CDMS
H2S	228.55627	4(3,2)-5(0,5)	-6.0139		166.3435	239.3327	CDMS
COv=0	230.538	2-1	-4.1197	70	3.845	5.5321	CDMS
13CSv=0	231.2206852	5-4	-1.6401	0.7	15.4261	22.1946	CDMS
N2D+	231.3218283	J=3-2	-1.3554	0.17	7.7162	11.1018	CDMS
SO3&Sigma;v=0	236.4523254	1(2)-2(1)	-4.9233	0.4	3.0999	4.46	JPL
H2CS	236.72677	7(1,7)-6(1,6)	-2.5351	1.1	32.8599	47.2778	JPL
H2CS	240.261381	7(5,2)-6(5,1)	-3.2783		251.2892	361.547	JPL
H2CS	240.261381	7(5,2)-6(5,1)	-3.2783		251.2892	361.547	JPL
H2CS	240.26632	7(0,7)-6(0,6)	-2.9722	0.55	24.0546	34.609	JPL
H2CS	240.33143	7(4,3)-6(4,2)	-3.4475	 0.07b	169.9512	244.5205	JPL
H2CS	240.33143	7(4,3)-6(4,2)	-3.4475	 0.07b	169.9512	244.5205	JPL
H2CS	240.38175	7(2,6)-6(2,5)	-3.085	0.16	60.6875	87.3153	JPL
H2CS	240.3923621	7(3,5)-6(3,4)	-2.7541	 0.38b	106.328	152.9814	JPL
H2CS	240.3930319	7(3,4)-6(3,3)	-2.7541	  b	106.328	152.9814	JPL
H2CS	240.5120019	21(1,20)-21(1,21)	-4.8765		269.4799	387.7192	JPL
H2CS	240.5482286	7(2,5)-6(2,4)	-3.0845	0.16	60.6945	87.3253	JPL
C34Sv=0	241.0160892	5-4	-1.5876	0.83	16.0796	16.2094	CDMS
CH3OHvt=0-2	241.700159	5(0)-4(0)E1vt=0	-3.8411		25.254	36.3347	JPL
CH3OHvt=0-2	241.767234	5(-1)-4(-1)E2vt=0	-3.8472		20.009	28.7883	JPL
CH3OHvt=0-2	241.791352	5(0)+-4(0)+vt=0	-3.8215		16.134	23.2131	JPL
H2CS	244.04784	7(1,6)-6(1,5)	-2.5104	0.91	33.5928	48.3323	JPL
CSv=0	244.9355565	5-4	-1.5672	5.5	16.3411	23.5111	CDMS
SO3&Sigma;v=0	246.4046867	2(3)-3(2)	-4.8749	 9.0f	6.4122	9.2257	JPL
         c-C3H2	251.314367	 7 1 7       6 0 6	-2.7077			26.8337	CDMS
         c-C3H2	251.314367	 7 0 7       6 1 6	-2.2306			26.8337	CDMS
         c-C3H2	251.5087085	 6 1 5       5 2 4	-2.8659			24.6168	CDMS
         c-C3H2	251.527311	 6 2 5       5 1 4	-2.3887			24.6162	CDMS
SO3&Sigma;v=0	251.82577	5(6)-4(5)	-2.3033	3.3	26.8114	38.5754	JPL
SO3&Sigma;v=0	254.5735004	8(9)-8(8)	-3.847	0.39	60.803	87.4815	JPL
HC15Nv=0	258.1571	3-2	-1.1161	5.2	8.6114	12.3898	JPL
SO3&Sigma;v=0	258.255813	6(6)-5(5)	-2.2082	4	30.6538	44.1037	JPL
H2CO	258.2960664	10(2,8)-11(0,11)	-5.4339		158.6885	228.316	CDMS
H13CNv=0	259.0117976	J=3-2	-1.1415		8.6399	12.431	CDMS
H13CO+	260.255339	3-2	-0.8736	0.95	8.6814	12.4905	CDMS
SO3&Sigma;v=0	261.843684	7(6)-6(5)	-2.1069	4.2	24.3157	34.9847	JPL
CCHv=0	262.0042266	N=3-2,J=7/2-5/2,F=4-3	-2.7339	3.5	8.7402	12.5751	JPL
H2CS	263.2083174	22(1,21)-22(1,22)	-4.8693		294.2374	423.3396	JPL
HC3Nv=0	263.792308	J=29-28	-1.1319	0.6	123.2011	177.2579	CDMS
H2CO	264.2701291	10(1,9)-10(1,10)	-3.5865		137.1002	197.2555	CDMS
HCNv=0	265.8864343	J=3-2	-1.1059		8.8692	12.7607	CDMS
SO3&Sigma;v=0	267.1978968	3(4)-4(3)	-4.9252	6.3	11.0213	15.8571	JPL
HCO+v=0	267.5576259	3-2	-0.8542	12	8.925	12.841	CDMS
H2CS	270.5207397	8(1,8)-7(1,7)	-2.3767		40.7563	58.6389	JPL
H2CS	274.5208698	8(0,8)-7(0,7)	-2.8163		32.069	46.1399	JPL
H2CS	274.5777104	8(5,3)-7(5,2)	-3.0274		259.3034	373.0776	JPL
H2CS	274.5777104	8(5,3)-7(5,2)	-3.0274		259.3034	373.0776	JPL
H2CS	274.659389	8(4,5)-7(4,4)	-3.2447		177.9678	256.0545	JPL
H2CS	274.6593915	8(4,4)-7(4,3)	-3.2447		177.9678	256.0545	JPL
H2CS	274.7020548	8(2,7)-7(2,6)	-2.9201		68.7058	98.8518	JPL
H2CS	274.7319806	8(3,6)-7(3,5)	-2.5757		114.3466	164.5183	JPL
H2CS	274.7333198	8(3,5)-7(3,4)	-2.5757		114.3467	164.5184	JPL
H2CS	274.952473	8(2,6)-7(2,5)	-2.9193		68.7183	98.8697	JPL
13CSv=0	277.455405	6-5	-1.4202		23.1388	33.2914	CDMS
H2CS	278.8864003	8(1,7)-7(1,6)	-2.3526		41.7334	60.0447	JPL
N2H+v=0	279.511701	J=3-2	-0.9019	0.9	9.3237	13.4146	JPL
H2CO	281.526929	4(1,4)-3(1,3)	-2.0071		22.2822	32.0589	CDMS
SO3&Sigma;v=0	286.340207	1(1)-1(0)	-4.0084		1.0007	1.4398	JPL
H2CS	286.8811371	23(1,22)-23(1,23)	-4.867		320.1142	460.5703	JPL
DCO+v=0	288.1438583	J=4-3	-0.7537	<1.3	14.4176	20.7436	CDMS
CCD	288.4988349	N=4-3,J=9/2-7/2,F=11/2-9/2	-2.8156		14.4344	20.768	CDMS
C34Sv=0	289.2090684	6-5	-1.3685	0.8	24.1191	24.3138	CDMS
DCNv=0	289.6452425	J=4-3,F=4-3	-1.3693	1.65	14.4927	20.8516	JPL
H2CO	290.623405	4(0,4)-3(0,3)	-2.4129		14.5655	20.9564	CDMS
H2CO	291.2377664	4(2,3)-3(2,2)	-2.6042		47.3278	68.0938	CDMS
H2CO	291.3804423	4(3,2)-3(3,1)	-2.4459		88.2382	126.9544	CDMS
H2CO	291.3843615	4(3,1)-3(3,0)	-2.4459		88.2383	126.9545	CDMS
H2CO	291.9480674	4(2,2)-3(2,1)	-2.6021		47.3397	68.1109	CDMS
CSv=0	293.9120865	6-5	-1.3484	3.3	24.5113	35.2661	CDMS
SO3&Sigma;v=0	294.7685694	4(5)-5(4)	-4.998		16.979	24.4289	JPL
SO3&Sigma;v=0	295.3553053	9(10)-9(9)	-3.8056		73.7229	106.0702	JPL
SO3&Sigma;v=0	296.550045	6(7)-5(6)	-2.0962	 3.7f	35.2114	50.6611	JPL
H2S	300.50556	3(3,0)-3(2,1)	-2.3325		107.3682	154.4799	CDMS
H2CO	300.836635	4(1,3)-3(1,2)	-1.9522		23.2487	33.4495	CDMS
SO3&Sigma;v=0	301.286124	7(7)-6(6)	-2.0235	2.7	39.2682	56.4979	JPL
SO3&Sigma;v=0	304.077844	8(7)-7(6)	-1.9381	13	33.0499	47.5512	JPL
CH3OHvt=0-2	304.208348	2(1)--2(0)+vt=0	-3.6984		4.84	6.9636	JPL
H2CS	304.3059748	9(1,9)-8(1,8)	-2.2419		49.7799	71.6218	JPL
CH3OHvt=0-2	305.473491	3(1)--3(0)+vt=0	-3.6768		9.681	13.9287	JPL
CH3OHvt=0-2	307.165924	4(1)--4(0)+vt=0	-3.5781		16.134	23.2131	JPL
H2CO	307.2383436	9(2,7)-10(0,10)	-5.3254		132.4609	190.5806	CDMS
N2D+	308.422267	J=4-3	-0.9918		15.4323	22.2035	CDMS
H2CS	308.7480375	9(0,9)-8(0,8)	-2.6834		41.226	59.3147	JPL
H2CS	308.8915069	9(5,5)-8(5,4)	-2.8394		268.4624	386.2553	JPL
H2CS	308.891507	9(5,4)-8(5,3)	-2.8394		268.4624	386.2553	JPL
H2CS	308.9851264	9(4,6)-8(4,5)	-3.0821		187.1294	269.2359	JPL
H2CS	308.9851326	9(4,5)-8(4,4)	-3.0821		187.1294	269.2359	JPL
H2CS	309.0151908	9(2,8)-8(2,7)	-2.7809		77.8689	112.0353	JPL
H2CS	309.0706294	9(3,7)-8(3,6)	-2.4278		123.5107	177.7033	JPL
H2CS	309.0730838	9(3,6)-8(3,5)	-2.4278		123.5108	177.7035	JPL
H2CS	309.3726855	9(2,7)-8(2,6)	-2.78		77.8898	112.0654	JPL
SO3&Sigma;v=0	309.502444	2(2)-2(1)	-3.8204	0.24	3.0999	4.46	JPL
H2CS	311.5188316	24(1,23)-24(1,24)	-4.8693		347.1095	499.4103	JPL
H2CS	313.7149072	9(1,8)-8(1,7)	-2.2183		51.036	73.429	JPL
H2S	314.43779	6(1,5)-5(4,2)	-5.8738		271.106	390.0636	CDMS
H2CO	316.4568262	11(1,10)-11(1,11)	-3.5217		162.8145	234.2524	CDMS
CH3OHvt=0-2	318.318919	8(1)--8(0)+vt=0	-3.3698		58.062	83.5378	JPL
13CSv=0	323.684973	7-6	-1.2403		32.3937	46.607	CDMS
H2Ov=0	325.152899	5(1,5)-4(2,2)	-3.5711		315.7795	454.3369	JPL
SO3&Sigma;v=0	326.6449266	5(6)-6(5)	-5.075		24.3157	34.9847	JPL
C18O	329.3305525	3-2	-3.6706	15.3	10.9857	15.8059	CDMS
SO3&Sigma;v=0	329.385477	1(2)-0(1)	-4.0622	None	0	0	JPL
C15N	329.8376498	N=3-2,J=7/2-5/2,F=4-3	-1.9249		11.0069	15.8364	CDMS
NH3v=0	330.171465	5(1)0a-5(2)0a	-8.5289		282.8233	406.9173	JPL
13COv=0	330.5879653	3-2	-3.6662	16.03	11.0276	15.8662	CDMS
NH3v=0	330.704676	5(1)0s-5(2)0s	-8.2051		282.1438	405.9397	JPL
NH3v=0	331.518579	4(1)0a-4(2)0a	-8.7848		183.7596	264.3876	JPL
NH3v=0	332.087474	4(1)0s-4(2)0s	-8.4407		183.0357	263.346	JPL
SO3&Sigma;v=0	336.5533459	10(11)-10(10)	-3.7764	16.2f	88.0775	126.7231	JPL
C17O	337.060988	J=3-2,F=9/2-7/2	-4.1866	1.47	11.2436	16.1769	CDMS
C34Sv=0	337.396459	7-6	-1.1894	1.89	33.766	34.0385	CDMS
H2CS	338.0808306	10(1,10)-9(1,9)	-2.126		59.9304	86.226	JPL
SO3&Sigma;v=0	339.341459	3(3)-3(2)	-3.7114	1.9	6.4122	9.2257	JPL
CNv=0	340.24777	N=3-2,J=7/2-5/2,F=7/2-5/2	-2.0159	  b	11.3534	16.3349	CDMS
SO3&Sigma;v=0	340.714155	7(8)-6(7)	-1.9279	2.7	45.1032	64.8931	JPL
CSv=0	342.8828503	7-6	-1.1697	9.65	34.3152	49.3716	CDMS
H2CS	342.9443689	10(0,10)-9(0,9)	-2.569		51.5247	74.1321	JPL
H2CS	343.202331	10(5,5)-9(5,4)	-2.6894	0.98	278.7659	401.0796	JPL
H2CS	343.202331	10(5,5)-9(5,4)	-2.6894	0.98	278.7659	401.0796	JPL
H2CS	343.3085003	10(4,7)-9(4,6)	-2.9477		197.436	284.0647	JPL
H2CS	343.3085137	10(4,6)-9(4,5)	-2.9477		197.436	284.0647	JPL
H2CS	343.3196445	10(2,9)-9(2,8)	-2.6621		88.1765	126.8656	JPL
H2CS	343.4081189	10(3,8)-9(3,7)	-2.303		133.8202	192.5363	JPL
H2CS	343.412325	10(3,7)-9(3,6)	-2.303		133.8204	192.5366	JPL
H2CS	343.8107553	10(2,8)-9(2,7)	-2.6609		88.2093	126.9128	JPL
HC15Nv=0	344.2003199	4-3	-0.7623	37.2f	17.2226	24.7793	JPL
SO3&Sigma;v=0	344.310612	8(8)-7(7)	-1.8699	10.93	49.3181	70.9573	JPL
H13CNv=0	345.3397693	J=4-3	-0.7877		17.2796	24.8617	CDMS
SO3&Sigma;v=0	345.7045553	2(3)-2(1)	-5.8873		3.0999	4.46	JPL
COv=0	345.7959899	3-2	-3.6118	70	11.535	16.5962	CDMS
SO3&Sigma;v=0	346.528481	9(8)-8(7)	-1.7956	  b	43.1928	62.1444	JPL
H13CO+	346.998344	4-3	-0.5198	1.03	17.3626	24.9808	CDMS
H2CS	348.5318733	10(1,9)-9(1,8)	-2.1031		61.5004	88.4848	JPL
CCHv=0	349.3374558	N=4-3,J=9/2-7/2,F=5-4	-2.4023	 1.2b	17.4797	25.1492	JPL
H2CO	351.768645	5(1,5)-4(1,4)	-1.7284		31.6729	45.57	CDMS
HCNv=0	354.5054779	J=4-3	-0.7526		17.7382	25.5212	CDMS
HCO+v=0	356.734223	4-3	-0.5011	17.4	17.8497	25.6816	CDMS
DCO+v=0	360.1697783	J=5-4	-0.4855	0.22	24.0291	34.5723	CDMS
CCD	360.6183094	N=5-4,J=11/2-9/2,F=13/2-11/2	-2.5676		24.0577	34.6139	CDMS
SO3&Sigma;v=0	361.3512155	6(7)-7(6)	-5.1511		33.0499	47.5512	JPL
H2CO	361.9675604	8(2,6)-9(0,9)	-5.2548		108.5464	156.1732	CDMS
DCNv=0	362.0464842	J=5-4	-0.7113	10	24.1543	34.7524	JPL
H2CO	362.736048	5(0,5)-4(0,4)	-2.1463		24.2597	34.9041	CDMS
H2CO	363.945894	5(2,4)-4(2,3)	-2.2872		57.0425	82.071	CDMS
H2CO	364.103249	5(4,1)-4(4,0)	-2.8592		155.1694	223.2529	CDMS
H2CO	364.103249	5(4,2)-4(4,1)	-2.8592		155.1694	223.2529	CDMS
H2CO	364.275141	5(3,3)-4(3,2)	-2.0126		97.9577	140.9385	CDMS
H2CO	364.288884	5(3,2)-4(3,1)	-2.0126		97.9578	140.9386	CDMS
H2CO	365.363428	5(2,3)-4(2,2)	-2.2839		57.078	82.122	CDMS
H2S	369.10145	3(2,1)-3(1,2)	-2.1266		95.0563	136.7657	CDMS
H2S	369.126912	4(3,1)-4(2,2)	-2.5882		170.3358	245.0768	CDMS
13CSv=0	369.9085505	8-7	-1.0904		43.1907	62.1414	CDMS
H2CS	371.8442411	11(1,11)-10(1,10)	-2.0258		71.2076	102.4513	JPL
N2H+v=0	372.672509	J=4-3	-0.5499		18.6472	26.829	JPL
H2CO	372.986243	12(1,11)-12(1,12)	-3.4714		190.8431	274.5791	CDMS
SO3&Sigma;v=0	373.3442892	4(4)-4(3)	-3.6389		11.0213	15.8571	JPL
H2CO	375.893216	5(1,4)-4(1,3)	-1.675		33.2835	47.8873	CDMS
H2CS	377.1066002	11(0,11)-10(0,10)	-2.4701		62.9641	90.5908	JPL
H2CS	377.5098514	11(5,7)-10(5,6)	-2.5659		290.2139	417.5507	JPL
H2CS	377.5098515	11(5,6)-10(5,5)	-2.5659		290.2139	417.5507	JPL
H2CS	377.6144555	11(2,10)-10(2,9)	-2.5599		99.6284	143.3422	JPL
H2CS	377.6292457	11(4,8)-10(4,7)	-2.8344		208.8876	300.5409	JPL
H2CS	377.6292726	11(4,7)-10(4,6)	-2.8344		208.8876	300.5409	JPL
H2CS	377.7442357	11(3,9)-10(3,8)	-2.1965		145.2751	209.0173	JPL
H2CS	377.7510677	11(3,8)-10(3,7)	-2.1965		145.2754	209.0177	JPL
SO3&Sigma;v=0	378.0646926	11(12)-11(11)	-3.7573		103.8665	149.4399	JPL
H2CS	378.2685063	11(2,9)-10(2,8)	-2.5585		99.6776	143.413	JPL
H2Ov=0	380.1973598	4(1,4)-3(2,1)	-2.6152		212.1564	305.2461	JPL
H2CS	383.3359362	11(1,10)-10(1,9)	-2.0037		73.1262	105.2117	JPL
SO3&Sigma;v=0	384.5270956	8(9)-7(8)	-1.7883		56.4682	81.2447	JPL
N2D+	385.516721	J=5-4	-0.7156		25.7201	37.0053	CDMS
C34Sv=0	385.577336	8-7	-1.0406		45.0204	45.3838	CDMS
SO3&Sigma;v=0	387.328654	9(9)-8(8)	-1.7404		60.803	87.4815	JPL
SO3&Sigma;v=0	389.1209186	10(9)-9(8)	-1.6743		54.7518	78.7752	JPL
CSv=0	391.8468898	8-7	-1.0213		45.7525	65.8273	CDMS
H2S	392.61784	3(1,3)-2(2,0)	-4.8861		58.3689	83.9804	CDMS
H2S	393.45049	2(1,1)-2(0,2)	-2.7364		38.0161	54.697	CDMS
SO3&Sigma;v=0	397.9875318	7(8)-8(7)	-5.2255		43.1928	62.1444	JPL
SO3&Sigma;v=0	405.3765436	3(4)-3(2)	-5.7501		6.4122	9.2257	JPL
H2CS	405.5951669	12(1,12)-11(1,11)	-1.9389		83.611	120.2969	JPL
H2S	407.67673	5(4,1)-5(3,2)	-2.1342		263.7389	379.4639	CDMS
SO3&Sigma;v=0	408.636195	2(3)-1(0)	-3.8926		1.0007	1.4398	JPL
SO3&Sigma;v=0	409.9595775	5(5)-5(4)	-3.5873		16.979	24.4289	JPL
H2CS	411.231555	12(0,12)-11(0,11)	-2.3845		75.543	108.6889	JPL
H2CS	411.8137368	12(5,8)-11(5,7)	-2.4623		302.8062	435.6681	JPL
H2CS	411.8137369	12(5,7)-11(5,6)	-2.4623		302.8062	435.6681	JPL
H2CS	411.8986652	12(2,11)-11(2,10)	-2.4717		112.2243	161.4648	JPL
H2CS	411.9470968	12(4,9)-11(4,8)	-2.738		221.4839	318.6641	JPL
H2CS	411.9471471	12(4,8)-11(4,7)	-2.738		221.4839	318.6641	JPL
H2CS	412.0787401	12(3,10)-11(3,9)	-2.1051		157.8752	227.1459	JPL
H2CS	412.0893624	12(3,9)-11(3,8)	-2.105		157.8758	227.1468	JPL
H2CS	412.7476754	12(2,10)-11(2,9)	-2.47		112.2953	161.567	JPL
13CSv=0	416.1252751	9-8	-0.9643		55.5295	79.8941	CDMS
H2CS	418.1257081	12(1,11)-11(1,10)	-1.9177		85.9129	123.6088	JPL
SO3&Sigma;v=0	419.8162134	12(13)-12(12)	-3.7468		121.0896	174.2199	JPL
H2CO	421.5956361	7(2,5)-8(0,8)	-5.2273		86.9621	125.1183	CDMS
H2CO	421.920772	6(1,6)-5(1,5)	-1.5127		43.4067	62.4522	CDMS
H2S	424.31482	4(4,0)-4(3,1)	-2.6847		182.6485	262.7922	CDMS
OHv=0	425.0362987	J=7/2-3/2, &Omega;=3/2-1/2, F=3--2+	-15.7838		187.755	270.1393	JPL
SO3&Sigma;v=0	428.1104589	9(10)-8(9)	-1.6709		69.2947	99.699	JPL
HC15Nv=0	430.2357675	5-4	-0.4984		28.7039	41.2983	JPL
SO3&Sigma;v=0	430.339338	10(10)-9(9)	-1.6306		73.7229	106.0702	JPL
H13CNv=0	431.6597748	J=5-4	-0.524		28.7989	41.4355	CDMS
SO3&Sigma;v=0	431.8081008	11(10)-10(9)	-1.5708		67.7314	97.4498	JPL
DCO+v=0	432.1890052	J=6-5	-0.2755		36.043	51.8575	CDMS
CCD	432.7296351	N=6-5,J=13/2-11/2,F=15/2-13/2	-2.3722		36.0866	51.9209	CDMS
H2CO	433.677727	13(1,12)-13(1,13)	-3.434		221.181	318.2283	CDMS
H13CO+	433.7338327	5-4	-0.2562		28.9372	41.6339	CDMS
C34Sv=0	433.750763	9-8	-0.9156		57.8819	58.3491	CDMS
DCNv=0	434.4410133	J=6-5	-0.5014		36.2308	52.1277	JPL
H2CO	434.492995	6(0,6)-5(0,5)	-1.9381		36.3592	52.3125	CDMS
SO3&Sigma;v=0	435.9861191	8(9)-9(8)	-5.2982		54.7518	78.7752	JPL
H2S	436.37336	5(1,4)-4(4,1)	-4.9968		195.6614	281.5149	CDMS
H2CO	436.586486	6(2,5)-5(2,4)	-2.0532		69.1824	99.5375	CDMS
CCHv=0	436.6603711	N=5-4,J=11/2-9/2,F=6-5	-2.1535		29.1324	41.9148	JPL
H2CO	436.75104	6(5,2)-5(5,1)	-2.3969		240.7771	346.4225	CDMS
H2CO	436.75104	6(5,1)-5(5,0)	-2.3969		240.7771	346.4225	CDMS
H2CO	436.957406	6(4,2)-5(4,1)	-2.4609		167.3146	240.727	CDMS
H2CO	436.957406	6(4,3)-5(4,2)	-2.4609		167.3146	240.727	CDMS
H2CO	437.199519	6(3,4)-5(3,3)	-1.7339		110.1086	158.4208	CDMS
H2CO	437.235976	6(3,3)-5(3,2)	-1.7338		110.1092	158.4217	CDMS
H2CO	439.057786	6(2,4)-5(2,3)	-2.0485		69.2652	99.6566	CDMS
C18O	439.0887658	4-3	-3.3231		21.971	31.6112	CDMS
H2CS	439.3325981	13(1,13)-12(1,12)	-1.8637		97.1402	139.7623	JPL
C15N	439.7276923	N=4-3,J=9/2-7/2,F=5-4	-1.5989		22.0091	31.666	CDMS
13COv=0	440.7651735	4-3	-3.3187		22.0549	31.7319	CDMS
CSv=0	440.803232	9-8	-0.8968		58.8231	84.6328	CDMS
HCNv=0	443.1161493	J=5-4	-0.4896		29.5633	42.5347	CDMS
H2CS	445.3161701	13(0,13)-12(0,12)	-2.3103		89.2602	128.4248	JPL
HCO+v=0	445.9028721	5-4	-0.2382		29.7491	42.8021	CDMS
H2CS	446.1136553	13(5,9)-12(5,8)	-2.3745		316.5429	455.432	JPL
H2CS	446.1136555	13(5,8)-12(5,7)	-2.3745		316.5429	455.432	JPL
H2CS	446.1713168	13(2,12)-12(2,11)	-2.3955		125.9637	181.2326	JPL
H2CS	446.2617862	13(4,10)-12(4,9)	-2.6557		235.225	338.4344	JPL
H2CS	446.2618755	13(4,9)-12(4,8)	-2.6557		235.225	338.4344	JPL
OHv=0	446.2910611	J=7/2-3/2, &Omega;=3/2-1/2, F=3+-2-	-12.7303		187.4941	269.7639	JPL
H2CS	446.4113646	13(3,11)-12(3,10)	-2.0263		171.6207	246.9225	JPL
H2CS	446.4272889	13(3,10)-12(3,9)	-2.0263		171.6216	246.9238	JPL
H2CS	447.2498867	13(2,11)-12(2,10)	-2.3936		126.0631	181.3756	JPL
H2Ov=0	448.0010775	4(2,3)-3(3,0)	-2.5935		285.4186	410.6542	JPL
SO3&Sigma;v=0	448.2659932	6(6)-6(5)	-3.5495		24.3157	34.9847	JPL
C17O	449.395191	J=4-3,F=13/2-11/2	-3.8819		22.4867	32.3532	CDMS
H2CO	450.8444958	6(1,5)-5(1,4)	-1.4611		45.822	65.9273	CDMS
H2S	451.94697	5(5,0)-6(2,5)	-6.6774		281.6023	405.1655	CDMS
H2S	452.39033	1(1,1)-0(0,0)	-2.6116		0	0	CDMS
H2CS	452.8997735	13(1,12)-12(1,11)	-1.8434		99.8601	143.6756	JPL
CNv=0	453.6066814	N=4-3,J=9/2-7/2,F=11/2-9/2	-1.6987		22.7028	32.6641	CDMS
COv=0	461.0407682	4-3	-3.2657	60	23.0695	33.1917	CDMS
H2S	461.6324196	5(2,3)-6(1,6)	-5.6384		227.945	327.9641	CDMS
SO3&Sigma;v=0	461.7545957	13(14)-13(13)	-3.744		139.7465	201.0629	JPL
13CSv=0	462.3342901	10-9	-0.8576	14.6	69.4099	99.8648	CDMS
N2D+	462.603852	J=6-5	-0.4957		38.5796	55.5071	CDMS
N2H+v=0	465.824947	J=5-4	-0.2884		31.0782	44.7143	JPL
SO3&Sigma;v=0	471.5373786	10(11)-9(10)	-1.5717		83.5749	120.2449	JPL
H2CS	473.055556	14(1,14)-13(1,13)	-1.7986		111.7947	160.8467	JPL
SO3&Sigma;v=0	473.3418641	11(11)-10(10)	-1.5371		88.0775	126.7231	JPL
SO3&Sigma;v=0	473.3739366	4(5)-4(3)	-5.6529		11.0213	15.8571	JPL
SO3&Sigma;v=0	474.5594412	12(11)-11(10)	-1.4823		82.135	118.1733	JPL
SO3&Sigma;v=0	474.9756593	9(10)-10(9)	-5.3699		67.7314	97.4498	JPL
H2CS	479.3575243	14(0,14)-13(0,13)	-2.2462		104.1144	149.7965	JPL
H2CS	480.4092748	14(5,10)-13(5,9)	-2.2999		331.4236	476.8419	JPL
H2CS	480.4092753	14(5,9)-13(5,8)	-2.2999		331.4236	476.8419	JPL
H2CS	480.4314559	14(2,13)-13(2,12)	-2.3297		140.8464	202.6454	JPL
H2CS	480.5730452	14(4,11)-13(4,10)	-2.5851		250.1107	359.8514	JPL
H2CS	480.5731971	14(4,10)-13(4,9)	-2.5851		250.1107	359.8514	JPL
H2CS	480.7418108	14(3,12)-13(3,11)	-1.9586		186.5114	268.3468	JPL
H2CS	480.7649581	14(3,11)-13(3,10)	-1.9586		186.5128	268.3488	JPL
H2CS	481.7766218	14(2,12)-13(2,11)	-2.3276		140.9817	202.8401	JPL
C34Sv=0	481.9158105	10-9	-0.8102	3.1	72.3502	72.9342	CDMS
H2CO	485.2275941	6(2,4)-7(0,7)	-5.2484		67.7252	97.4409	CDMS
H2CS	487.656686	14(1,13)-13(1,12)	-1.7793		114.9672	165.4112	JPL
SO3&Sigma;v=0	487.7083564	7(7)-7(6)	-3.5221		33.0499	47.5512	JPL
CSv=0	489.750921	10-9	-0.7919	11.7	73.5267	105.7879	CDMS
H2CO	491.9683687	7(1,7)-6(1,6)	-1.3408		57.4804	82.701	CDMS
H2S	493.0849084	5(3,3)-6(0,6)	-6.0718		227.9449	327.964	CDMS
H2CO	498.3081824	14(1,13)-14(1,14)	-3.4082		253.8233	365.193	CDMS
SO3&Sigma;v=0	503.8400719	14(15)-14(14)	-3.748		159.8368	229.9682	JPL
DCO+v=0	504.2001999	J=7-6	-0.1072		50.4593	72.5993	CDMS
SO3&Sigma;v=0	504.6764122	3(4)-2(1)	-3.8426		3.0999	4.46	JPL
CCD	504.8311849	N=7-6,J=15/2-13/2,F=17/2-15/2	-2.2149		50.5209	72.6888	CDMS
H2S	505.56523	2(2,1)-2(1,2)	-2.1987		38.2978	55.1023	CDMS
H2CO	505.8337155	7(0,7)-6(0,6)	-1.7719		50.8524	73.1648	CDMS
H2CS	506.7630954	15(1,15)-14(1,14)	-1.7425		127.5742	183.5498	JPL
DCNv=0	506.8274873	J=7-6	-0.3333		50.7222	72.9775	JPL
13CSv=0	508.5347391	11-10	-0.7671		84.8318	122.0533	CDMS
H2CO	509.1462429	7(2,6)-6(2,5)	-1.8714		83.7453	120.4901	CDMS
H2CO	509.3060248	7(6,1)-6(6,0)	-2.9544		344.9876	496.3573	CDMS
H2CO	509.3060248	7(6,2)-6(6,1)	-2.9544		344.9876	496.3573	CDMS
H2CO	509.5621193	7(5,3)-6(5,2)	-2.0239		255.3456	367.3832	CDMS
H2CO	509.5621211	7(5,2)-6(5,1)	-2.0239		255.3456	367.3832	CDMS
H2CO	509.8295531	7(4,4)-6(4,3)	-2.2093		181.8899	261.6975	CDMS
H2CO	509.8301477	7(4,3)-6(4,2)	-2.2093		181.8899	261.6975	CDMS
H2CO	510.1557382	7(3,5)-6(3,4)	-1.5289		124.692	179.4029	CDMS
H2CO	510.2378461	7(3,4)-6(3,3)	-1.5288		124.6938	179.4055	CDMS
SO3&Sigma;v=0	511.5229361	4(4)-3(2)	-5.9782		6.4122	9.2257	JPL
H2CO	513.0763527	7(2,5)-6(2,4)	-1.8651		83.9106	120.7279	CDMS
H2CS	513.3528718	15(0,15)-14(0,14)	-2.1913		120.104	172.8019	JPL
H2CS	514.6781306	15(2,14)-14(2,13)	-2.2734		156.8719	225.7024	JPL
H2CS	514.7002628	15(5,11)-14(5,10)	-2.2365		347.4483	499.8977	JPL
H2CS	514.7002638	15(5,10)-14(5,9)	-2.2365		347.4483	499.8977	JPL
SO3&Sigma;v=0	514.7049371	10(11)-11(10)	-5.441		82.135	118.1733	JPL
SO3&Sigma;v=0	514.8532107	11(12)-10(11)	-1.4876		99.3037	142.8751	JPL
H2CS	514.8806034	15(4,12)-14(4,11)	-2.5249		266.1409	382.9152	JPL
H2CS	514.8808518	15(4,11)-14(4,10)	-2.5249		266.1409	382.9152	JPL
H2CS	515.0697482	15(3,13)-14(3,12)	-1.9007		202.5472	291.4186	JPL
H2CS	515.1025153	15(3,12)-14(3,11)	-1.9006		202.5494	291.4217	JPL
HC15Nv=0	516.2614602	6-5	-0.2938		43.055	61.9462	JPL
H2CS	516.3291873	15(2,13)-14(2,12)	-2.271		157.052	225.9615	JPL
SO3&Sigma;v=0	516.3354166	12(12)-11(11)	-1.4576		103.8665	149.4399	JPL
SO3&Sigma;v=0	517.3543051	13(12)-12(11)	-1.4068		97.9646	140.9484	JPL
H13CNv=0	517.969821	J=6-5	-0.3194		43.1975	62.152	CDMS
H13CO+	520.4598843	6-5	-0.0518		43.405	62.4498	CDMS
H2CS	522.394966	15(1,14)-14(1,13)	-1.7243		131.2337	188.8149	JPL
CCHv=0	523.9704068	N=6-5,J=13/2-11/2,F=7-6	-1.9597		43.6978	62.871	JPL
H2CO	525.6658313	7(1,6)-6(1,5)	-1.2914		60.8605	87.5642	CDMS
SO3&Sigma;v=0	527.9411269	8(8)-8(7)	-3.503		43.1928	62.1444	JPL
C34Sv=0	530.0715537	11-10	-0.7212		88.4252	89.1389	CDMS
HCNv=0	531.7163479	J=6-5	-0.2859		44.344	63.8008	CDMS
HCO+v=0	535.061581	6-5	-0.0348		44.6228	64.2019	CDMS
H2S	535.528818	6(2,5)-5(3,2)	-4.7534		263.7389	379.4639	CDMS
CSv=0	538.6889972	11-10	-0.7034		89.8631	129.2922	CDMS
N2D+	539.682101	J=7-6	-0.3158		54.0104	77.7085	CDMS
H2CS	540.4543065	16(1,16)-15(1,15)	-1.6947		144.4779	207.8703	JPL
SO3&Sigma;v=0	546.0423609	15(16)-15(15)	-3.7581		181.3601	260.9352	JPL
SO3&Sigma;v=0	546.5943238	5(6)-5(4)	-5.5806		16.979	24.4289	JPL
H2CS	547.2996772	16(0,16)-15(0,15)	-2.1445		137.2276	197.4388	JPL
C18O	548.8310055	5-4	-3.0675		36.6174	52.684	CDMS
H2CS	548.9103923	16(2,15)-15(2,14)	-2.2254		174.0397	250.4029	JPL
H2CS	549.1841882	16(4,13)-15(4,12)	-2.4737		283.3154	407.6253	JPL
H2CS	549.1845812	16(4,12)-15(4,11)	-2.4737		283.3155	407.6255	JPL
H2CS	549.3948119	16(3,14)-15(3,13)	-1.8514		219.7281	316.1379	JPL
H2CS	549.4401425	16(3,13)-15(3,12)	-1.8513		219.7314	316.1427	JPL
C15N	549.6005086	N=5-4,J=11/2-9/2,F=6-5	-1.3572		36.6768	52.7694	CDMS
H2CS	550.9086786	16(2,14)-15(2,13)	-2.2228		174.2749	250.7413	JPL
13COv=0	550.9262851	5-4	-3.0632		36.7572	52.8851	CDMS
H2CO	552.0035202	5(2,3)-6(0,6)	-5.3268		50.8524	73.1648	CDMS
13CSv=0	554.7257657	12-11	-0.6908		101.7946	146.4589	CDMS
SO3&Sigma;v=0	554.9987066	11(12)-12(11)	-5.512		97.9646	140.9484	JPL
H2Ov=0	556.9359877	1(1,0)-1(0,1)	-0.8189		23.7944	34.2349	JPL
H2CS	557.1130985	16(1,15)-15(1,14)	-1.6777		148.6589	213.8858	JPL
SO3&Sigma;v=0	558.0869374	12(13)-11(12)	-1.4166		116.4774	167.584	JPL
N2H+v=0	558.9666656	J=6-5	-0.0867		46.6165	67.0704	JPL
H2CO	559.2679198	15(3,12)-16(1,15)	-4.7825		347.2922	499.6731	CDMS
SO3&Sigma;v=0	559.3191796	13(13)-12(12)	-1.3902		121.0896	174.2199	JPL
SO3&Sigma;v=0	560.1783311	14(13)-13(12)	-1.3428		115.2217	165.7774	JPL
C17O	561.712735	J=5-4,F=15/2-13/2	-3.6563		37.4769	53.9206	CDMS
H2CO	561.8993136	8(1,8)-7(1,7)	-1.2018		73.8907	106.3116	CDMS
H2CO	566.6087587	15(1,14)-15(1,15)	-3.3931		288.7653	415.4665	CDMS
CNv=0	566.9468933	N=5-4,J=11/2-9/2,F=13/2-11/2	-1.4637		37.8335	54.4337	CDMS
H2S	568.050557	3(3,1)-3(2,2)	-2.4965		96.3925	138.6882	CDMS
SO3&Sigma;v=0	568.7412727	9(9)-9(8)	-3.4909		54.7518	78.7752	JPL
NH3v=0	572.4981599	1(0)0s-0(0)0a	-1.5128		0	0	JPL
H2CS	574.1283165	17(1,17)-16(1,16)	-1.6544		162.5056	233.808	JPL
DCO+v=0	576.2020239	J=8-7	0.0293		67.2776	96.7969	CDMS
COv=0	576.2679305	5-4	-3.0118		38.4481	55.3179	CDMS
H2CO	576.7083107	8(0,8)-7(0,7)	-1.6377		67.7252	97.4409	CDMS
CCD	576.9213312	N=8-7,J=17/2-15/2,F=19/2-17/2	-2.0871		67.3603	96.9171	CDMS
C34Sv=0	578.217069	12-11	-0.6464		106.1065	106.963	CDMS
DCNv=0	579.2045636	J=8-7	-0.197		67.6282	97.3013	JPL
H2S	579.799042	5(5,0)-5(4,1)	-2.1653		277.3376	399.0295	CDMS
H2CS	581.1956534	17(0,17)-16(0,16)	-2.1051		155.4836	223.7049	JPL
H2CO	581.6118491	8(2,7)-7(2,6)	-1.7267		100.7286	144.9252	CDMS
H2CO	582.3820579	8(5,4)-7(5,3)	-1.7929		272.3427	391.8381	CDMS
H2CO	582.3820653	8(5,3)-7(5,2)	-1.7929		272.3427	391.8381	CDMS
H2CO	582.7228015	8(4,5)-7(4,4)	-2.0264		198.896	286.1653	CDMS
H2CO	582.7244354	8(4,4)-7(4,3)	-2.0264		198.896	286.1653	CDMS
H2CS	583.1272955	17(2,16)-16(2,15)	-2.1851		192.3494	276.7463	JPL
H2CO	583.1446021	8(3,6)-7(3,5)	-1.3704		141.7089	203.8863	CDMS
H2CO	583.3085465	8(3,5)-7(3,4)	-1.3702		141.7135	203.8929	CDMS
H2CS	583.4835244	17(4,14)-16(4,13)	-2.4308		301.6343	433.982	JPL
H2CS	583.4841286	17(4,13)-16(4,12)	-2.4308		301.6343	433.982	JPL
H2CS	583.7166014	17(3,15)-16(3,14)	-1.8099		238.0539	342.5045	JPL
H2CS	583.7780607	17(3,14)-16(3,13)	-1.8099		238.0587	342.5114	JPL
H2CS	585.5159421	17(2,15)-16(2,14)	-2.1822		192.6513	277.1807	JPL
H2CO	587.4536658	8(2,6)-7(2,5)	-1.7188		101.025	145.3516	CDMS
CSv=0	587.616485	12-11	-0.6292		107.8318	155.145	CDMS
SO3&Sigma;v=0	588.3379718	16(17)-16(16)	-3.7741		204.3161	293.9636	JPL
SO3&Sigma;v=0	588.5649447	5(5)-4(3)	-5.9372		11.0213	15.8571	JPL
H2CS	591.8095304	17(1,16)-16(1,15)	-1.6386		167.2422	240.6229	JPL
SO3&Sigma;v=0	595.7313389	12(13)-13(12)	-5.5834		115.2217	165.7774	JPL
H2CO	600.3305746	8(1,7)-7(1,6)	-1.1551		78.3948	112.792	CDMS
13CSv=0	600.90648	13-12	-0.6267		120.2983	173.0814	CDMS
SO3&Sigma;v=0	601.2575619	13(14)-12(13)	-1.3571		135.0931	194.3677	JPL
HC15Nv=0	602.2754469	7-6	-0.1318		60.2756	86.7226	JPL
SO3&Sigma;v=0	602.2923375	14(14)-13(13)	-1.3337		139.7465	201.0629	JPL
SO3&Sigma;v=0	603.0212173	15(14)-14(13)	-1.2891		133.9072	192.6615	JPL
H13CNv=0	604.267914	J=7-6	-0.1576		60.4751	87.0107	CDMS
H13CO+	607.1746456	7-6	0.1098	2.9	60.7657	87.4278	CDMS
H2CS	607.7842912	18(1,18)-17(1,17)	-1.621		181.6564	261.3615	JPL
SO3&Sigma;v=0	609.959692	10(10)-10(9)	-3.4851	17.2	67.7314	97.4498	JPL
CCHv=0	611.264992	N=7-6,J=15/2-13/2,F=8-7	-1.8061		61.1755	88.0174	JPL
H2S	611.441629	5(3,2)-5(2,3)	-1.8825		243.3434	350.1192	CDMS
SO3&Sigma;v=0	611.5525834	4(5)-3(2)	-3.852	3.7	6.4122	9.2257	JPL
H2CS	615.0387993	18(0,18)-17(0,17)	-2.0727		174.8702	251.5978	JPL
N2D+	616.750016	J=8-7	-0.166		72.0122	103.6089	CDMS
H2CS	617.3278989	18(2,17)-17(2,16)	-2.1518		211.8004	304.7318	JPL
H2CS	617.7783339	18(4,15)-17(4,14)	-2.3954		321.0972	461.9846	JPL
H2CS	617.7792396	18(4,14)-17(4,13)	-2.3954		321.0972	461.9846	JPL
H2CS	618.0346784	18(3,16)-17(3,15)	-1.7757		257.5246	370.5183	JPL
H2CS	618.1165324	18(3,15)-17(3,14)	-1.7756		257.5315	370.5283	JPL
H2CS	620.1515368	18(2,16)-17(2,15)	-2.1487		212.182	305.2808	JPL
HCNv=0	620.3040022	J=7-6	-0.1251		62.0802	89.319	CDMS
H2CO	621.1330617	4(2,2)-5(0,5)	-5.4785		36.3592	52.3125	CDMS
SO3&Sigma;v=0	623.194928	6(7)-6(5)	-5.5259		24.3157	34.9847	JPL
HCO+v=0	624.2083606	7-6	0.1258	14.3	62.4705	89.8806	CDMS
C34Sv=0	626.351384	13-12	-0.584	8.8	125.3937	126.4058	CDMS
H2CS	626.4826684	18(1,17)-17(1,16)	-1.6064		186.9828	269.025	JPL
SO3&Sigma;v=0	630.7083696	17(18)-17(17)	-3.7953		228.7043	329.0526	JPL
H2CO	631.7028273	9(1,9)-8(1,8)	-1.089		92.6337	133.2785	CDMS
CSv=0	636.53246	13-12	-0.5675	29.9	127.4326	183.346	CDMS
SO3&Sigma;v=0	636.8105697	13(14)-14(13)	-5.6553		133.9072	192.6615	JPL
H2CO	638.263261	16(1,15)-16(1,16)	-3.3878		326.0021	469.0416	CDMS
H2CS	641.4214364	19(1,19)-18(1,18)	-1.594		201.9299	290.5304	JPL
SO3&Sigma;v=0	644.3778137	14(15)-13(14)	-1.3077		155.1489	223.2234	JPL
SO3&Sigma;v=0	645.2540744	15(15)-14(14)	-1.2869	39.6	159.8368	229.9682	JPL
SO3&Sigma;v=0	645.8753578	16(15)-15(14)	-1.2447	39	154.0218	221.6017	JPL
13CSv=0	647.07615	14-13	-0.5735		140.3424	201.9202	CDMS
H2CO	647.081735	9(0,9)-8(0,8)	-1.5291		86.9621	125.1183	CDMS
DCO+v=0	648.1931357	J=9-8	0.1402		86.4976	124.45	CDMS
H2CO	648.8026539	14(3,11)-15(1,14)	-4.6846		307.6653	442.6592	CDMS
H2CS	648.8274378	19(0,19)-18(0,18)	-2.0467		195.3857	281.1148	JPL
CCD	648.9984459	N=9-8,J=19/2-17/2,F=21/2-19/2	-1.9832		86.6043	124.6051	CDMS
H2S	650.374186	4(4,1)-4(3,2)	-1.9741		173.9673	250.3018	CDMS
SO3&Sigma;v=0	651.4934553	11(11)-11(10)	-3.485	4.7	82.135	118.1733	JPL
H2CS	651.5112657	19(2,18)-18(2,17)	-2.125		232.3922	334.3586	JPL
DCNv=0	651.5708998	J=9-8	-0.0863		86.9483	125.0985	JPL
H2CS	652.0683353	19(4,16)-18(4,15)	-2.3667		341.704	491.633	JPL
H2CS	652.0696625	19(4,15)-18(4,14)	-2.3667		341.7041	491.6332	JPL
N2H+v=0	652.0958651	J=7-6	0.0719		65.2616	93.8963	JPL
H2CS	652.3485665	19(3,17)-18(3,16)	-1.7482		278.14	400.1791	JPL
H2CS	652.4558641	19(3,16)-18(3,15)	-1.748		278.1496	400.1929	JPL
H2CO	653.970155	9(2,8)-8(2,7)	-1.6106		120.1291	172.838	CDMS
H2CS	654.8156962	19(2,17)-18(2,16)	-2.1217		232.868	335.0432	JPL
H2CO	655.2121007	9(5,5)-8(5,4)	-1.6275		291.7689	419.7879	CDMS
H2CO	655.2121249	9(5,4)-8(5,3)	-1.6275		291.7689	419.7879	CDMS
H2CO	655.639907	9(4,6)-8(4,5)	-1.8864		218.3336	314.1315	CDMS
H2CO	655.643676	9(4,5)-8(4,4)	-1.8864		218.3336	314.1315	CDMS
H2CO	656.164708	9(3,7)-8(3,6)	-1.2451		161.1605	231.8727	CDMS
H2CO	656.464572	9(3,6)-8(3,5)	-1.2448		161.1706	231.8872	CDMS
C18O	658.5532782	6-5	-2.8728	25	54.9244	79.0235	CDMS
C15N	659.4517063	N=6-5,J=13/2-11/2,F=7-6	-1.1721		55.0095	79.1459	CDMS
13COv=0	661.0672766	6-5	-2.8687	64	55.1341	79.3252	CDMS
H2CS	661.1308765	19(1,18)-18(1,17)	-1.5808		207.88	299.0912	JPL
H2CO	662.2091514	9(2,7)-8(2,6)	-1.601		120.6203	173.5447	CDMS
H2S	665.393738	4(2,2)-4(1,3)	-2.2833		148.1406	213.1427	CDMS
SO3&Sigma;v=0	668.2153905	6(6)-5(4)	-5.9073		16.979	24.4289	JPL
SO3&Sigma;v=0	673.1387015	18(19)-18(18)	-3.8216		254.5243	366.2016	JPL
C17O	674.009184	J=6-5,F=17/2-15/2	-3.484	6.6	56.2136	80.8784	CDMS
C34Sv=0	674.4736177	14-13	-0.5327	3.9	146.2866	147.4674	CDMS
H2CO	674.809784	9(1,8)-8(1,7)	-1.0452		98.4197	141.6032	CDMS
H2CS	675.0389992	20(1,20)-19(1,19)	-1.5729		223.3254	321.3136	JPL
SO3&Sigma;v=0	678.1671661	14(15)-15(14)	-5.7283		154.0218	221.6017	JPL
CNv=0	680.2639671	N=6-5,J=13/2-11/2,F=15/2-13/2	-1.284	  b	56.7448	81.6426	CDMS
H2CS	682.5602504	20(0,20)-19(0,19)	-2.0266		217.0282	312.2534	JPL
CSv=0	685.4359238	14-13	-0.5169	25	148.665	213.8945	CDMS
H2CS	685.6764642	20(2,19)-19(2,18)	-2.1042		254.1243	365.6261	JPL
H2CS	686.6577492	20(3,18)-19(3,17)	-1.7268		299.9	431.4867	JPL
H2CS	686.7964073	20(3,17)-19(3,16)	-1.7266		299.9132	431.5057	JPL
H2S	687.303468	2(0,2)-1(1,1)	-2.1775		15.0901	21.7114	CDMS
SO3&Sigma;v=0	687.4563635	15(16)-14(15)	-1.2676		176.6431	254.1486	JPL
SO3&Sigma;v=0	688.2035746	16(16)-15(15)	-1.249		181.3601	260.9352	JPL
HC15Nv=0	688.2757768	8-7	-0.0026		80.3653	115.6271	JPL
SO3&Sigma;v=0	688.7349805	17(16)-16(15)	-1.2089	54.1	175.5659	252.5987	JPL
H2CS	689.5082928	20(2,18)-19(2,17)	-2.1008		254.7103	366.4692	JPL
H13CNv=0	690.552079	J=8-7	-0.0286		80.6313	116.0112	CDMS
COv=0	691.4730763	6-5	-2.8193	100	57.6704	82.9744	CDMS
H2CO	691.9210083	3(2,1)-4(0,4)	-5.7384		24.2597	34.9041	CDMS
13CSv=0	693.2337468	15-14	-0.5302		161.9265	232.9748	CDMS
SO3&Sigma;v=0	693.2694306	12(12)-12(11)	-3.4902	3.2	97.9646	140.9484	JPL
N2D+	693.806156	J=9-8	-0.0399		92.5848	133.2081	CDMS
H13CO+	693.8762612	8-7	0.2386	14	81.0188	116.5673	CDMS
H2CS	695.7524749	20(1,19)-19(1,18)	-1.5612		229.933	330.8204	JPL
CCHv=0	698.541554	N=8-7,J=17/2-15/2,F=9-8	-1.6837		81.5652	117.3535	JPL
H2CO	701.3704706	10(1,10)-9(1,9)	-0.9976		113.705	163.5952	CDMS
SO3&Sigma;v=0	702.0653892	7(8)-7(6)	-5.4846		33.0499	47.5512	JPL
H2S	708.4707404	3(1,2)-3(0,3)	-1.8818		71.4243	102.7643	CDMS
H2CS	708.6362684	21(1,21)-20(1,20)	-1.5575		245.8423	353.7102	JPL
HCNv=0	708.8770051	J=8-7	0.0027		82.7713	119.0888	CDMS
HCO+v=0	713.3412278	8-7	0.2533	24.7	83.2919	119.8378	CDMS
SO3&Sigma;v=0	715.6168933	19(20)-19(19)	-3.8527		281.7755	405.4098	JPL
H2CS	716.2363076	21(0,21)-20(0,20)	-2.0122		239.796	345.011	JPL
H2CO	716.9383682	10(0,10)-9(0,9)	-1.4418		108.5464	156.1732	CDMS
SO3&Sigma;v=0	719.7481718	15(16)-16(15)	-5.8024		175.5659	252.5987	JPL
H2CS	719.8225683	21(2,20)-20(2,19)	-2.0892		276.996	398.5332	JPL
DCO+v=0	720.1722024	J=10-9	0.2299		108.119	155.5582	CDMS
H2CS	720.9616699	21(3,19)-20(3,18)	-1.7112		322.8045	464.441	JPL
CCD	721.0609009	N=10-9,J=21/2-19/2,F=23/2-21/2	-1.8992		108.2526	155.7524	CDMS
H2CS	721.1385612	21(3,18)-20(3,17)	-1.711		322.8222	464.4665	JPL
C34Sv=0	722.5828172	15-14	-0.4914	8.1	168.7846	170.147	CDMS
DCNv=0	723.9251532	J=10-9	0.0032		108.6824	156.3688	JPL
H2CS	724.2288071	21(2,19)-20(2,18)	-2.0856		277.7098	399.5602	JPL
SO3&Sigma;v=0	725.199691	5(6)-4(3)	-3.8894		11.0213	15.8571	JPL
H2CO	726.2082504	10(2,9)-9(2,8)	-1.5175		141.9432	204.2234	CDMS
H2CO	728.0534897	10(5,6)-9(5,5)	-1.5029		313.6244	451.233	CDMS
H2CO	728.0535574	10(5,5)-9(5,4)	-1.5029		313.6244	451.233	CDMS
H2CO	728.5830917	10(4,7)-9(4,6)	-1.7772		240.2033	345.597	CDMS
H2CO	728.5915027	10(4,6)-9(4,5)	-1.7772		240.2036	345.5974	CDMS
H2CO	729.2125199	10(3,8)-9(3,7)	-1.1456		183.0478	263.3634	CDMS
H2CO	729.7251434	10(3,7)-9(3,6)	-1.145		183.0679	263.3924	CDMS
H2CS	730.3457375	21(1,20)-20(1,19)	-1.5472		253.1408	364.2111	JPL
SO3&Sigma;v=0	730.4991854	16(17)-15(16)	-1.2359		199.5741	287.141	JPL
SO3&Sigma;v=0	731.1400222	17(17)-16(16)	-1.2192		204.3161	293.9636	JPL
SO3&Sigma;v=0	731.5955879	18(17)-17(16)	-1.1809		198.5397	285.6527	JPL
CSv=0	734.325929	15-14	-0.4764		171.5287	246.7901	CDMS
SO3&Sigma;v=0	735.2343051	13(13)-13(12)	-3.5002		115.2217	165.7774	JPL
H2S	736.034096	2(1,2)-1(0,1)	-1.5739		13.7463	19.778	CDMS
H2CO	737.342669	10(2,8)-9(2,7)	-1.5062		142.7093	205.3257	CDMS
13CSv=0	739.37852	16-15	-0.4959		185.0503	266.2446	CDMS
H2CO	740.3469716	13(3,10)-14(1,13)	-4.6151		270.4451	389.1079	CDMS
H2CS	742.2125757	22(1,22)-21(1,21)	-1.5474		269.4799	387.7192	JPL
N2H+v=0	745.2103361	J=8-7	0.197		87.0132	125.1919	JPL
H2S	747.30189	3(2,2)-3(1,3)	-2.3307		71.4652	102.8232	CDMS
H2CO	749.0720833	10(1,9)-9(1,8)	-0.9572		120.929	173.9889	CDMS
H2S	749.43228	5(5,1)-5(4,2)	-2.4854		271.106	390.0636	CDMS
SO3&Sigma;v=0	749.552069	7(7)-6(5)	-5.8856		24.3157	34.9847	JPL
H2CS	749.8550939	22(0,22)-21(0,21)	-2.003		263.687	379.3846	JPL
H2Ov=0	752.033143	2(1,1)-2(0,2)	-0.9985		70.0908	100.8452	JPL
H2CS	753.9486584	22(2,21)-21(2,20)	-2.0796		301.0067	433.079	JPL
H2CS	755.2597309	22(3,20)-21(3,19)	-1.7011		346.8531	499.0414	JPL
H2CS	755.4827733	22(3,19)-21(3,18)	-1.7009		346.8768	499.0755	JPL
SO3&Sigma;v=0	758.1329986	20(21)-20(20)	-3.8884		310.4574	446.6764	JPL
H2CS	758.9763021	22(2,20)-21(2,19)	-2.0758		301.8675	434.3175	JPL
SO3&Sigma;v=0	761.5123767	16(17)-17(16)	-5.8779		198.5397	285.6527	JPL
H2CO	763.7843592	2(2,0)-3(0,3)	-6.2069		14.5655	20.9564	CDMS
H2CS	764.9088912	22(1,21)-21(1,20)	-1.5387		277.5025	399.2619	JPL
H2S	765.93791	4(3,2)-4(2,3)	-1.7385		148.4184	213.5424	CDMS
C18O	768.2515933	7-6	-2.7226		76.8914	110.6289	CDMS
C15N	769.2769302	N=7-6,J=15/2-13/2,F=8-7	-1.0287		77.0065	110.7945	CDMS
C34Sv=0	770.6780547	16-15	-0.4592		192.8874	194.4443	CDMS
N2D+	770.8490342	J=10-9	0.0669		115.7277	166.5054	CDMS
H2CO	770.8960621	11(1,11)-10(1,10)	-0.9245		137.1002	197.2555	CDMS
13COv=0	771.184125	7-6	-2.7187		77.185	111.0514	CDMS
SO3&Sigma;v=0	773.51042	17(18)-16(17)	-1.212		223.941	322.1993	JPL
SO3&Sigma;v=0	774.0626015	18(18)-17(17)	-1.1969		228.7043	329.0526	JPL
HC15Nv=0	774.2604988	9-8	0.1		103.3237	148.6589	JPL
SO3&Sigma;v=0	774.4535852	19(18)-18(17)	-1.1602		222.9431	320.7635	JPL
H2CS	775.7672955	23(1,23)-22(1,22)	-1.5423		294.2374	423.3396	JPL
H13CNv=0	776.8203197	J=9-8	0.0739		103.6657	149.1528	CDMS
SO3&Sigma;v=0	777.3483116	14(14)-14(13)	-3.5149		133.9072	192.6615	JPL
H2S	777.90797	6(2,4)-7(1,7)	-5.932		298.9696	430.1534	CDMS
H13CO+	780.562812	9-8	0.3409		104.164	149.8679	CDMS
SO3&Sigma;v=0	782.5146274	8(9)-8(7)	-5.4541		43.1928	62.1444	JPL
CSv=0	783.201514	16-15	-0.4451		196.0232	282.032	CDMS
H2CS	783.416523	23(0,23)-22(0,22)	-1.9989		288.6995	415.3718	JPL
H2S	784.758248	6(3,4)-7(0,7)	-5.4497		298.9696	430.1534	CDMS
13CSv=0	785.5095893	17-16	-0.47		209.7133	301.7289	CDMS
CCHv=0	785.7975193	N=9-8,J=19/2-17/2,F=10-9	-1.5866		104.866	150.8779	JPL
C17O	786.28071	J=7-6,F=19/2-17/2	-3.3514		78.6961	113.2255	CDMS
H2CO	786.2849528	11(0,11)-10(0,10)	-1.3725		132.4609	190.5806	CDMS
H2CS	788.0538223	23(2,22)-22(2,21)	-2.0751		326.1557	469.2626	JPL
DCO+v=0	792.1378811	J=11-10	0.3016		132.1414	190.1209	CDMS
CCD	793.107068	N=11-10,J=23/2-21/2,F=25/2-23/2	-1.8324		132.3046	190.358	CDMS
CNv=0	793.5533287	N=7-6,J=15/2-13/2,F=17/2-15/2	-1.1454		79.436	114.29	CDMS
H2CS	793.7494072	23(2,21)-22(2,20)	-2.0712		327.1842	470.7424	JPL
DCNv=0	796.2659815	J=11-10	0.0745		132.8299	191.1115	JPL
HCNv=0	797.4332623	J=9-8	0.1038		106.4169	153.1093	CDMS
H2CO	798.3134536	11(2,10)-10(2,9)	-1.4436		166.1669	239.0757	CDMS
H2CS	799.4401151	23(1,22)-22(1,21)	-1.5353		303.0171	435.9715	JPL
SO3&Sigma;v=0	800.6787212	21(22)-21(21)	-3.9284		340.5696	490.0009	JPL
H2S	800.85207	5(4,2)-5(3,3)	-2.2425		244.3925	351.6286	CDMS
H2CO	800.9074585	11(5,7)-10(5,6)	-1.4073		337.9097	486.1739	CDMS
H2CO	800.9076275	11(5,6)-10(5,5)	-1.4073		337.9097	486.1739	CDMS
H2CO	801.5549697	11(4,8)-10(4,7)	-1.6919		264.5063	380.5634	CDMS
H2CO	801.5718963	11(4,7)-10(4,6)	-1.6919		264.5068	380.5641	CDMS
H2CO	802.2823624	11(3,9)-10(3,8)	-1.067		207.3718	298.36	CDMS
HCO+v=0	802.4581995	9-8	0.3541	13.2	107.0864	154.0726	CDMS
H2CO	803.1116241	11(3,8)-10(3,7)	-1.0662		207.4089	298.4134	CDMS
SO3&Sigma;v=0	803.4272089	17(18)-18(17)	-5.9549		222.9431	320.7635	JPL
COv=0	806.651806	7-6	-2.6716	110	80.7354	116.1596	CDMS
H2CS	809.2998455	24(1,24)-23(1,23)	-1.542		320.1142	460.5703	JPL
H2CO	812.8314024	11(2,9)-10(2,8)	-1.4308		167.3044	240.7123	CDMS
SO3&Sigma;v=0	816.4929334	18(19)-17(18)	-1.1953		249.7425	359.3217	JPL
H2CS	816.9209445	24(0,24)-23(0,23)	-1.9997		314.8315	452.9697	JPL
SO3&Sigma;v=0	816.9704966	19(19)-18(18)	-1.1817		254.5243	366.2016	JPL
SO3&Sigma;v=0	817.3060292	20(19)-19(18)	-1.1463		248.776	357.9311	JPL
C34Sv=0	818.7584	17-16	-0.4355	13.2	218.5944	220.3588	CDMS
SO3&Sigma;v=0	819.5811687	15(15)-15(14)	-3.5341		154.0218	221.6017	JPL
H2CO	823.0827592	11(1,10)-10(1,9)	-0.8878		145.9153	209.9384	CDMS
H2S	827.915046	5(2,4)-4(3,1)	-4.291		182.6485	262.7922	CDMS
13CSv=0	831.6260984	18-17	-0.4518	6.9	235.9151	339.4273	CDMS
SO3&Sigma;v=0	832.0189844	8(8)-7(6)	-5.8705		33.0499	47.5512	JPL
CSv=0	832.0617177	17-16	-0.4223	57.2	222.148	319.6196	CDMS
H2CO	833.2049465	12(3,9)-13(1,12)	-4.5724		235.6469	339.0414	CDMS
H2CS	833.93754	24(1,23)-23(1,22)	-1.5368		329.6835	474.3383	JPL
CH+	835.137504	1-0	-0.0983		0	0	CDMS
N2H+v=0	838.3079748	J=9-8	0.2952		111.8707	160.9561	JPL
H2CO	840.275666	12(1,12)-11(1,11)	-0.8672		162.8145	234.2524	CDMS
H2CS	842.8096864	25(1,25)-24(1,24)	-1.5464		347.1095	499.4103	JPL
SO3&Sigma;v=0	843.1443253	6(7)-5(4)	-3.9399		16.979	24.4289	JPL
N2D+	847.8771579	J=11-10	0.1573		141.4405	203.5002	CDMS
H2CS	850.3691388	25(0,25)-24(0,24)	-2.005		342.081	492.1754	JPL
H2CO	855.151289	12(0,12)-11(0,11)	-1.3189		158.6885	228.316	CDMS
SO3&Sigma;v=0	859.4486885	19(20)-18(19)	-1.1854		276.9778	398.507	JPL
SO3&Sigma;v=0	859.8628919	20(20)-19(19)	-1.173		281.7755	405.4098	JPL
SO3&Sigma;v=0	860.1504537	21(20)-20(19)	-1.139		276.0384	397.1554	JPL
HC15Nv=0	860.2276619	10-9	0.1805		129.1503	185.8174	JPL
SO3&Sigma;v=0	861.9093855	16(16)-16(15)	-3.5576		175.5659	252.5987	JPL
H13CNv=0	863.070634	J=10-9	0.1542		129.5776	186.4345	CDMS
H2S	863.805837	6(2,4)-5(5,1)	-4.86		296.1044	426.031	CDMS
DCO+v=0	864.0888411	J=12-11	0.3574		158.5643	228.1373	CDMS
SO3&Sigma;v=0	864.096578	9(10)-9(8)	-5.4326		54.7518	78.7752	JPL
CCD	865.135319	N=12-11,J=25/2-23/2,F=27/2-25/2	-1.7807		158.7598	228.4214	CDMS
C34Sv=0	866.8229228	18-17	-0.4196		245.9052	247.8901	CDMS
H13CO+	867.2324263	10-9	0.4209		130.2008	187.3288	CDMS
DCNv=0	868.592042	J=12-11	0.1301		159.3905	229.3261	JPL
CCHv=0	87.316925	N=1-0,J=3/2-1/2,F=2-1	-4.0285	4	0.0015	0.0022	JPL
H2CO	870.273482	12(2,11)-11(2,10)	-1.3865		192.7958	277.3886	CDMS
CCHv=0	873.0303141	N=10-9,J=21/2-19/2,F=11-10	-1.5109		131.0774	188.5901	JPL
H2CO	874.557384	12(4,9)-11(4,8)	-1.6261		291.2433	419.0317	CDMS
H2CO	874.589038	12(4,8)-11(4,7)	-1.6261		291.2443	419.0332	CDMS
H2CO	875.366165	12(3,10)-11(3,9)	-1.0062		234.133	336.8632	CDMS
H2CO	876.649134	12(3,9)-11(3,8)	-1.0051		234.1978	336.9565	CDMS
13CSv=0	877.7271914	19-18	-0.4408		263.6552	379.3388	CDMS
C18O	877.9219553	8-7	-2.6071	18.1	102.5175	147.499	CDMS
C15N	879.0718403	N=8-7,J=17/2-15/2,F=9-8	-0.918		102.6668	147.7138	CDMS
CSv=0	880.9055792	18-17	-0.4074	15.3	249.9025	359.5519	CDMS
13COv=0	881.272808	8-7	-2.6034	148.6	102.9089	148.0621	CDMS
HCNv=0	885.9706949	J=10-9	0.1826		133.0164	191.3798	CDMS
H2CO	888.629058	12(2,10)-11(2,9)	-1.3722		194.4175	279.7218	CDMS
HCO+v=0	891.5572903	10-9	0.4326	30.1	133.8535	192.5842	CDMS
H2CO	896.805145	12(1,11)-11(1,10)	-0.8347		173.3704	249.4399	CDMS
C17O	898.522852	J=8-7,F=21/2-19/2	-3.2502	10.3	104.9236	150.9608	CDMS
SO3&Sigma;v=0	902.3789972	20(21)-19(20)	-1.1818		305.6459	439.7537	JPL
SO3&Sigma;v=0	902.7389715	21(21)-20(20)	-1.1707		310.4574	446.6764	JPL
SO3&Sigma;v=0	902.9847475	22(21)-21(20)	-1.1377		304.73	438.436	JPL
SO3&Sigma;v=0	904.3144272	17(17)-17(16)	-3.5853		198.5397	285.6527	JPL
CNv=0	906.8103881	N=8-7,J=17/2-15/2,F=19/2-17/2	-1.0391		105.9061	152.3744	CDMS
H2CO	909.507675	13(1,13)-12(1,12)	-0.824		190.8431	274.5791	CDMS
H2S	913.106176	4(4,0)-5(1,5)	-7.0007		166.3442	239.3338	CDMS
C34Sv=0	914.870705	19-18	-0.4111		274.8193	277.0375	CDMS
SO3&Sigma;v=0	915.269781	9(9)-8(7)	-5.8614		43.1928	62.1444	JPL
H2Ov=0	916.17158	4(2,2)-3(3,1)	-2.3755		285.2193	410.3675	JPL
COv=0	921.7997	8-7	-2.559		107.6424	154.8725	CDMS
H2CO	923.587827	13(0,13)-12(0,12)	-1.2791		187.2133	269.3566	CDMS
13CSv=0	923.8120123	20-19	-0.4366		292.933	421.4628	CDMS
N2D+	924.8890647	J=12-11	0.2336		169.7226	244.1916	CDMS
H2CO	926.7549736	11(3,8)-12(1,11)	-4.5557		203.2846	292.4795	CDMS
CSv=0	929.732125	19-18	-0.3999		279.2864	401.8285	CDMS
H2S	930.145832	4(2,3)-3(3,0)	-3.175		117.392	168.902	CDMS
N2H+v=0	931.3866769	J=10-9	0.3707		139.8337	201.1883	JPL
DCO+v=0	936.0237532	J=13-12	0.3992		187.3872	269.6068	CDMS
CCD	937.1440257	N=13-12,J=27/2-25/2,F=29/2-27/2	-1.7425		187.6176	269.9416	CDMS
DCNv=0	940.9019923	J=13-12	0.1715		188.3636	271.0116	JPL
H2CO	942.07655	13(2,12)-12(2,11)	-1.3439		221.825	319.1549	CDMS
SO3&Sigma;v=0	945.2846941	21(22)-20(21)	-1.1844		335.746	483.0608	JPL
SO3&Sigma;v=0	945.5979196	22(22)-21(21)	-1.1743		340.5696	490.0009	JPL
SO3&Sigma;v=0	945.8070672	23(22)-22(21)	-1.1423		334.8503	481.7721	JPL
HC15Nv=0	946.1753151	11-10	0.242		157.8444	227.1016	JPL
SO3&Sigma;v=0	946.5130379	10(11)-10(9)	-5.419		67.7314	97.4498	JPL
SO3&Sigma;v=0	946.7814407	18(18)-18(17)	-3.6169		222.9431	320.7635	JPL
H2S	947.26047	6(3,3)-6(2,4)	-2.1977		324.9179	467.4874	CDMS
H2CO	947.591824	13(4,10)-12(4,9)	-1.577		320.4154	461.0036	CDMS
H2CO	947.647987	13(4,9)-12(4,8)	-1.577		320.4175	461.0067	CDMS
H2CO	948.453833	13(3,11)-12(3,10)	-0.9608		263.3321	378.874	CDMS
H13CNv=0	949.301039	J=11-10	0.2154		158.3666	227.8557	CDMS
H2CS	95.1082334	13(1,12)-13(1,13)	-5.1507		111.7947	160.8467	JPL
C34Sv=0	96.4129495	2-1	-2.7462	0.62	1.608	1.621	CDMS
CSv=0	97.9809533	2-1	-2.7252	6.94	1.6342	2.3512	CDMS
SO3&Sigma;v=0	99.29987	3(2)-2(1)	-3.274	 1.59m	3.0999	4.46	JPL

