# member.uid___A001_X133d_X19a3.GM_Aur_sci.spw35.cube.I.pbcor.fits, region=
# beam size: 1.7830495657080387 arcsec2, 55.03239400298232 pixels
# Total flux: 
# Channel number_of_unmasked_pixels Frequency_(GHz) Velocity_(km/s) Sum_(Jy/beam)
0 2207 89.157867 103.056556 -0.542258
1 2207 89.157928 102.851307 -0.640142
2 2207 89.157989 102.646058 -0.966950
3 2207 89.158050 102.440809 -1.149166
4 2207 89.158111 102.235560 0.175282
5 2207 89.158172 102.030311 0.278949
6 2207 89.158233 101.825062 0.079519
7 2207 89.158294 101.619813 -0.466410
8 2207 89.158355 101.414564 -0.967147
9 2207 89.158416 101.209315 -0.365105
10 2207 89.158477 101.004066 -0.460462
11 2207 89.158538 100.798817 -0.343102
12 2207 89.158599 100.593568 -0.539439
13 2207 89.158660 100.388319 -0.574950
14 2207 89.158721 100.183070 -0.029074
15 2207 89.158783 99.977821 -0.104084
16 2207 89.158844 99.772572 0.140504
17 2207 89.158905 99.567323 0.040412
18 2207 89.158966 99.362074 0.669752
19 2207 89.159027 99.156825 0.086880
20 2207 89.159088 98.951576 -0.561893
21 2207 89.159149 98.746327 0.262982
22 2207 89.159210 98.541078 -0.854473
23 2207 89.159271 98.335829 -0.768970
24 2207 89.159332 98.130580 0.291588
25 2207 89.159393 97.925331 -0.404982
26 2207 89.159454 97.720082 -0.621197
27 2207 89.159515 97.514833 0.046377
28 2207 89.159576 97.309585 -0.036872
29 2207 89.159637 97.104336 -0.151035
30 2207 89.159698 96.899087 0.524831
31 2207 89.159759 96.693838 0.507933
32 2207 89.159821 96.488589 1.150590
33 2207 89.159882 96.283340 0.728022
34 2207 89.159943 96.078091 0.510947
35 2207 89.160004 95.872842 -0.146635
36 2207 89.160065 95.667593 -1.276182
37 2207 89.160126 95.462344 -1.504921
38 2207 89.160187 95.257095 -0.349557
39 2207 89.160248 95.051846 -0.657130
40 2207 89.160309 94.846597 0.638089
41 2207 89.160370 94.641348 1.094067
42 2207 89.160431 94.436099 0.018050
43 2207 89.160492 94.230850 0.643661
44 2207 89.160553 94.025601 0.804618
45 2207 89.160614 93.820352 0.472353
46 2207 89.160675 93.615103 0.673332
47 2207 89.160736 93.409854 0.315049
48 2207 89.160798 93.204605 -0.325273
49 2207 89.160859 92.999356 -0.405859
50 2207 89.160920 92.794107 0.303369
51 2207 89.160981 92.588858 0.099612
52 2207 89.161042 92.383609 0.903772
53 2207 89.161103 92.178360 0.583952
54 2207 89.161164 91.973111 -0.800503
55 2207 89.161225 91.767862 -1.055696
56 2207 89.161286 91.562613 -0.867697
57 2207 89.161347 91.357364 -0.620953
58 2207 89.161408 91.152115 -0.242681
59 2207 89.161469 90.946866 0.173022
60 2207 89.161530 90.741617 1.153879
61 2207 89.161591 90.536368 1.235471
62 2207 89.161652 90.331119 0.072802
63 2207 89.161713 90.125870 -0.318806
64 2207 89.161775 89.920621 -0.268074
65 2207 89.161836 89.715372 -1.393664
66 2207 89.161897 89.510123 0.000871
67 2207 89.161958 89.304874 -0.243619
68 2207 89.162019 89.099625 0.211742
69 2207 89.162080 88.894376 -0.085205
70 2207 89.162141 88.689127 -0.032274
71 2207 89.162202 88.483878 -0.335987
72 2207 89.162263 88.278629 -0.215973
73 2207 89.162324 88.073380 -0.270901
74 2207 89.162385 87.868131 -0.419946
75 2207 89.162446 87.662882 0.651155
76 2207 89.162507 87.457633 -0.352955
77 2207 89.162568 87.252384 0.095567
78 2207 89.162629 87.047135 0.207332
79 2207 89.162690 86.841886 0.162707
80 2207 89.162752 86.636637 0.069081
81 2207 89.162813 86.431388 0.143743
82 2207 89.162874 86.226139 0.352573
83 2207 89.162935 86.020890 1.420360
84 2207 89.162996 85.815641 0.792482
85 2207 89.163057 85.610392 -0.065509
86 2207 89.163118 85.405143 -0.588568
87 2207 89.163179 85.199894 -0.786346
88 2207 89.163240 84.994645 -0.082467
89 2207 89.163301 84.789396 0.986790
90 2207 89.163362 84.584147 0.414610
91 2207 89.163423 84.378898 0.793767
92 2207 89.163484 84.173649 0.182149
93 2207 89.163545 83.968400 -0.251924
94 2207 89.163606 83.763151 -0.018537
95 2207 89.163667 83.557902 0.585895
96 2207 89.163729 83.352653 -0.371118
97 2207 89.163790 83.147404 -1.177148
98 2207 89.163851 82.942155 -0.825826
99 2207 89.163912 82.736906 -0.374177
100 2207 89.163973 82.531657 0.106447
101 2207 89.164034 82.326408 -0.281497
102 2207 89.164095 82.121159 -0.709024
103 2207 89.164156 81.915910 -0.400187
104 2207 89.164217 81.710661 0.473991
105 2207 89.164278 81.505412 0.486393
106 2207 89.164339 81.300163 -0.469620
107 2207 89.164400 81.094914 -0.707639
108 2207 89.164461 80.889665 0.074127
109 2207 89.164522 80.684416 -0.326209
110 2207 89.164583 80.479167 -0.181310
111 2207 89.164644 80.273918 0.128736
112 2207 89.164705 80.068669 -0.183730
113 2207 89.164767 79.863420 -0.482162
114 2207 89.164828 79.658171 -0.718499
115 2207 89.164889 79.452922 0.161657
116 2207 89.164950 79.247673 -0.077260
117 2207 89.165011 79.042424 0.443996
118 2207 89.165072 78.837175 0.768006
119 2207 89.165133 78.631926 0.312965
120 2207 89.165194 78.426677 0.597273
121 2207 89.165255 78.221428 0.728967
122 2207 89.165316 78.016179 -0.006390
123 2207 89.165377 77.810930 -0.165919
124 2207 89.165438 77.605681 -0.502317
125 2207 89.165499 77.400433 -0.201130
126 2207 89.165560 77.195184 -0.647202
127 2207 89.165621 76.989935 -0.105328
128 2207 89.165682 76.784686 -0.055335
129 2207 89.165744 76.579437 -0.595022
130 2207 89.165805 76.374188 -0.516686
131 2207 89.165866 76.168939 -0.346058
132 2207 89.165927 75.963690 -0.162384
133 2207 89.165988 75.758441 0.890476
134 2207 89.166049 75.553192 0.477532
135 2207 89.166110 75.347943 -0.686722
136 2207 89.166171 75.142694 -0.990549
137 2207 89.166232 74.937445 -0.387616
138 2207 89.166293 74.732196 -0.835250
139 2207 89.166354 74.526947 -0.449940
140 2207 89.166415 74.321698 -0.564603
141 2207 89.166476 74.116449 0.094219
142 2207 89.166537 73.911200 -0.379321
143 2207 89.166598 73.705951 0.603016
144 2207 89.166659 73.500702 0.459669
145 2207 89.166721 73.295453 0.553123
146 2207 89.166782 73.090204 -0.791822
147 2207 89.166843 72.884955 -0.735668
148 2207 89.166904 72.679706 0.112788
149 2207 89.166965 72.474457 -0.011023
150 2207 89.167026 72.269208 0.157301
151 2207 89.167087 72.063959 -0.351111
152 2207 89.167148 71.858710 -0.224880
153 2207 89.167209 71.653461 -0.245373
154 2207 89.167270 71.448212 -0.657859
155 2207 89.167331 71.242963 -0.699712
156 2207 89.167392 71.037714 0.235723
157 2207 89.167453 70.832465 -0.041766
158 2207 89.167514 70.627216 1.023144
159 2207 89.167575 70.421967 0.275295
160 2207 89.167636 70.216718 -0.304298
161 2207 89.167698 70.011469 -0.395213
162 2207 89.167759 69.806220 -0.099010
163 2207 89.167820 69.600971 0.016389
164 2207 89.167881 69.395722 -0.535828
165 2207 89.167942 69.190473 -1.217872
166 2207 89.168003 68.985224 -0.600056
167 2207 89.168064 68.779975 0.769234
168 2207 89.168125 68.574726 0.090288
169 2207 89.168186 68.369477 0.492550
170 2207 89.168247 68.164228 -0.118239
171 2207 89.168308 67.958979 0.018217
172 2207 89.168369 67.753730 -1.127244
173 2207 89.168430 67.548481 -0.788438
174 2207 89.168491 67.343232 -0.484612
175 2207 89.168552 67.137983 -0.919084
176 2207 89.168613 66.932734 0.338822
177 2207 89.168675 66.727485 -0.378833
178 2207 89.168736 66.522236 -1.801770
179 2207 89.168797 66.316987 -0.363388
180 2207 89.168858 66.111738 0.747051
181 2207 89.168919 65.906489 -0.248401
182 2207 89.168980 65.701240 -1.166279
183 2207 89.169041 65.495991 0.638109
184 2207 89.169102 65.290742 1.177205
185 2207 89.169163 65.085493 0.657810
186 2207 89.169224 64.880244 -0.513009
187 2207 89.169285 64.674995 -0.338558
188 2207 89.169346 64.469746 1.011124
189 2207 89.169407 64.264497 1.235843
190 2207 89.169468 64.059248 -0.497493
191 2207 89.169529 63.853999 -0.609548
192 2207 89.169590 63.648750 -0.568177
193 2207 89.169652 63.443501 -0.348702
194 2207 89.169713 63.238252 -0.460705
195 2207 89.169774 63.033003 -0.246740
196 2207 89.169835 62.827754 0.204265
197 2207 89.169896 62.622505 -0.941703
198 2207 89.169957 62.417256 -1.303854
199 2207 89.170018 62.212007 -0.117165
200 2207 89.170079 62.006758 0.116912
201 2207 89.170140 61.801509 -0.336997
202 2207 89.170201 61.596260 -0.059303
203 2207 89.170262 61.391011 -0.032073
204 2207 89.170323 61.185762 -0.086785
205 2207 89.170384 60.980513 0.191485
206 2207 89.170445 60.775264 0.851898
207 2207 89.170506 60.570015 0.446387
208 2207 89.170567 60.364766 0.587216
209 2207 89.170628 60.159517 -0.355984
210 2207 89.170690 59.954268 -1.032988
211 2207 89.170751 59.749019 0.057383
212 2207 89.170812 59.543770 1.005464
213 2207 89.170873 59.338521 0.162802
214 2207 89.170934 59.133272 0.539418
215 2207 89.170995 58.928023 0.548614
216 2207 89.171056 58.722774 0.974257
217 2207 89.171117 58.517525 0.544555
218 2207 89.171178 58.312276 -0.426032
219 2207 89.171239 58.107027 -1.553570
220 2207 89.171300 57.901778 -0.563043
221 2207 89.171361 57.696530 -0.572854
222 2207 89.171422 57.491281 -0.290713
223 2207 89.171483 57.286032 0.927500
224 2207 89.171544 57.080783 0.914749
225 2207 89.171605 56.875534 0.741786
226 2207 89.171667 56.670285 0.605075
227 2207 89.171728 56.465036 -1.075865
228 2207 89.171789 56.259787 -0.809491
229 2207 89.171850 56.054538 -0.821755
230 2207 89.171911 55.849289 -0.008125
231 2207 89.171972 55.644040 0.243344
232 2207 89.172033 55.438791 -0.697339
233 2207 89.172094 55.233542 -0.231438
234 2207 89.172155 55.028293 0.146308
235 2207 89.172216 54.823044 0.498078
236 2207 89.172277 54.617795 0.490725
237 2207 89.172338 54.412546 -0.151744
238 2207 89.172399 54.207297 -0.397724
239 2207 89.172460 54.002048 -0.604932
240 2207 89.172521 53.796799 -0.855919
241 2207 89.172582 53.591550 0.224802
242 2207 89.172644 53.386301 0.661911
243 2207 89.172705 53.181052 0.465927
244 2207 89.172766 52.975803 0.619332
245 2207 89.172827 52.770554 0.589727
246 2207 89.172888 52.565305 -0.152946
247 2207 89.172949 52.360056 -0.374008
248 2207 89.173010 52.154807 -1.093581
249 2207 89.173071 51.949558 -0.447882
250 2207 89.173132 51.744309 -1.082143
251 2207 89.173193 51.539060 0.099500
252 2207 89.173254 51.333811 -0.371067
253 2207 89.173315 51.128562 -0.277375
254 2207 89.173376 50.923313 0.481251
255 2207 89.173437 50.718064 0.711892
256 2207 89.173498 50.512815 0.045544
257 2207 89.173559 50.307566 -1.602277
258 2207 89.173621 50.102317 -0.506696
259 2207 89.173682 49.897068 -0.534271
260 2207 89.173743 49.691819 -1.178435
261 2207 89.173804 49.486570 -0.989330
262 2207 89.173865 49.281321 0.281269
263 2207 89.173926 49.076072 0.198760
264 2207 89.173987 48.870823 0.281010
265 2207 89.174048 48.665574 0.540125
266 2207 89.174109 48.460325 0.959845
267 2207 89.174170 48.255076 -0.071774
268 2207 89.174231 48.049827 -0.219537
269 2207 89.174292 47.844578 -0.762868
270 2207 89.174353 47.639329 -0.305224
271 2207 89.174414 47.434080 -0.487130
272 2207 89.174475 47.228831 -0.377362
273 2207 89.174536 47.023582 0.384935
274 2207 89.174598 46.818333 0.410707
275 2207 89.174659 46.613084 -0.228186
276 2207 89.174720 46.407835 -0.511733
277 2207 89.174781 46.202586 -0.742459
278 2207 89.174842 45.997337 -0.746635
279 2207 89.174903 45.792088 -1.535977
280 2207 89.174964 45.586839 -0.964758
281 2207 89.175025 45.381590 -0.472304
282 2207 89.175086 45.176341 -1.145621
283 2207 89.175147 44.971092 -0.910892
284 2207 89.175208 44.765843 -0.629116
285 2207 89.175269 44.560594 -0.381212
286 2207 89.175330 44.355345 0.178345
287 2207 89.175391 44.150096 0.274956
288 2207 89.175452 43.944847 0.003782
289 2207 89.175513 43.739598 0.311509
290 2207 89.175574 43.534349 -0.287760
291 2207 89.175636 43.329100 -0.470762
292 2207 89.175697 43.123851 0.015374
293 2207 89.175758 42.918602 0.601684
294 2207 89.175819 42.713353 -0.443022
295 2207 89.175880 42.508104 -0.547975
296 2207 89.175941 42.302855 0.197317
297 2207 89.176002 42.097606 -0.649653
298 2207 89.176063 41.892357 0.138686
299 2207 89.176124 41.687108 0.377261
300 2207 89.176185 41.481859 0.599954
301 2207 89.176246 41.276610 -0.462700
302 2207 89.176307 41.071361 -0.032577
303 2207 89.176368 40.866112 0.594018
304 2207 89.176429 40.660863 0.260492
305 2207 89.176490 40.455614 -0.100622
306 2207 89.176551 40.250365 0.034727
307 2207 89.176613 40.045116 0.243223
308 2207 89.176674 39.839867 -0.474276
309 2207 89.176735 39.634618 -0.870381
310 2207 89.176796 39.429369 -1.148058
311 2207 89.176857 39.224120 -0.974199
312 2207 89.176918 39.018871 -0.102313
313 2207 89.176979 38.813622 0.345115
314 2207 89.177040 38.608373 1.139773
315 2207 89.177101 38.403124 1.496264
316 2207 89.177162 38.197875 1.227310
317 2207 89.177223 37.992626 0.454838
318 2207 89.177284 37.787378 0.437829
319 2207 89.177345 37.582129 0.220410
320 2207 89.177406 37.376880 1.176075
321 2207 89.177467 37.171631 0.107306
322 2207 89.177528 36.966382 0.820158
323 2207 89.177590 36.761133 0.558491
324 2207 89.177651 36.555884 0.947291
325 2207 89.177712 36.350635 0.591010
326 2207 89.177773 36.145386 -0.324420
327 2207 89.177834 35.940137 -0.667555
328 2207 89.177895 35.734888 -0.195539
329 2207 89.177956 35.529639 -0.121078
330 2207 89.178017 35.324390 0.152535
331 2207 89.178078 35.119141 -0.216598
332 2207 89.178139 34.913892 -0.170949
333 2207 89.178200 34.708643 -0.201647
334 2207 89.178261 34.503394 0.223226
335 2207 89.178322 34.298145 0.174281
336 2207 89.178383 34.092896 -0.688730
337 2207 89.178444 33.887647 -0.810194
338 2207 89.178505 33.682398 0.460322
339 2207 89.178567 33.477149 0.425603
340 2207 89.178628 33.271900 0.049176
341 2207 89.178689 33.066651 0.463870
342 2207 89.178750 32.861402 -0.689769
343 2207 89.178811 32.656153 -0.523850
344 2207 89.178872 32.450904 -0.150424
345 2207 89.178933 32.245655 -0.562673
346 2207 89.178994 32.040406 -0.509803
347 2207 89.179055 31.835157 -0.756971
348 2207 89.179116 31.629908 0.751967
349 2207 89.179177 31.424659 0.265931
350 2207 89.179238 31.219410 0.238562
351 2207 89.179299 31.014161 1.229257
352 2207 89.179360 30.808912 -0.038834
353 2207 89.179421 30.603663 0.343485
354 2207 89.179482 30.398414 0.151560
355 2207 89.179544 30.193165 -0.190465
356 2207 89.179605 29.987916 0.087737
357 2207 89.179666 29.782667 -0.974985
358 2207 89.179727 29.577418 -0.369544
359 2207 89.179788 29.372169 0.130815
360 2207 89.179849 29.166920 0.089295
361 2207 89.179910 28.961671 0.548799
362 2207 89.179971 28.756422 -0.106272
363 2207 89.180032 28.551173 -1.294936
364 2207 89.180093 28.345924 -0.627065
365 2207 89.180154 28.140675 -0.115222
366 2207 89.180215 27.935426 -0.571226
367 2207 89.180276 27.730177 0.069903
368 2207 89.180337 27.524928 1.195351
369 2207 89.180398 27.319679 1.018833
370 2207 89.180459 27.114430 -0.143708
371 2207 89.180520 26.909181 -0.528230
372 2207 89.180582 26.703932 -0.011860
373 2207 89.180643 26.498683 0.530001
374 2207 89.180704 26.293434 0.707836
375 2207 89.180765 26.088185 0.665779
376 2207 89.180826 25.882936 0.834399
377 2207 89.180887 25.677687 0.229107
378 2207 89.180948 25.472438 0.617532
379 2207 89.181009 25.267189 -0.531539
380 2207 89.181070 25.061940 0.307059
381 2207 89.181131 24.856691 0.760047
382 2207 89.181192 24.651442 0.663766
383 2207 89.181253 24.446193 0.089255
384 2207 89.181314 24.240944 0.194888
385 2207 89.181375 24.035695 0.518651
386 2207 89.181436 23.830446 0.564737
387 2207 89.181497 23.625197 0.578373
388 2207 89.181559 23.419948 -1.050909
389 2207 89.181620 23.214699 -1.294790
390 2207 89.181681 23.009450 -0.985593
391 2207 89.181742 22.804201 -0.841734
392 2207 89.181803 22.598952 -0.182243
393 2207 89.181864 22.393703 0.695599
394 2207 89.181925 22.188454 0.504807
395 2207 89.181986 21.983205 0.236676
396 2207 89.182047 21.777956 -1.120570
397 2207 89.182108 21.572707 -0.195616
398 2207 89.182169 21.367458 0.190612
399 2207 89.182230 21.162209 0.179479
400 2207 89.182291 20.956960 -0.086926
401 2207 89.182352 20.751711 0.233542
402 2207 89.182413 20.546462 -0.015400
403 2207 89.182474 20.341213 -0.448549
404 2207 89.182536 20.135964 -0.486171
405 2207 89.182597 19.930715 0.046371
406 2207 89.182658 19.725466 -0.529554
407 2207 89.182719 19.520217 -0.976323
408 2207 89.182780 19.314968 0.162820
409 2207 89.182841 19.109719 -0.365220
410 2207 89.182902 18.904470 0.454665
411 2207 89.182963 18.699221 0.949404
412 2207 89.183024 18.493972 1.437424
413 2207 89.183085 18.288723 1.134195
414 2207 89.183146 18.083475 0.429883
415 2207 89.183207 17.878226 -0.162994
416 2207 89.183268 17.672977 0.688032
417 2207 89.183329 17.467728 0.816434
418 2207 89.183390 17.262479 -0.054631
419 2207 89.183451 17.057230 -0.812325
420 2207 89.183513 16.851981 0.171322
421 2207 89.183574 16.646732 0.582063
422 2207 89.183635 16.441483 -0.115476
423 2207 89.183696 16.236234 0.389470
424 2207 89.183757 16.030985 0.785258
425 2207 89.183818 15.825736 0.173607
426 2207 89.183879 15.620487 -0.627418
427 2207 89.183940 15.415238 -0.543907
428 2207 89.184001 15.209989 0.608669
429 2207 89.184062 15.004740 0.222234
430 2207 89.184123 14.799491 -0.010958
431 2207 89.184184 14.594242 0.281961
432 2207 89.184245 14.388993 -0.479476
433 2207 89.184306 14.183744 0.339182
434 2207 89.184367 13.978495 -1.072815
435 2207 89.184428 13.773246 -0.037760
436 2207 89.184490 13.567997 -0.768542
437 2207 89.184551 13.362748 -0.931069
438 2207 89.184612 13.157499 -0.228842
439 2207 89.184673 12.952250 0.083835
440 2207 89.184734 12.747001 0.000583
441 2207 89.184795 12.541752 -0.124798
442 2207 89.184856 12.336503 -0.522427
443 2207 89.184917 12.131254 -0.837391
444 2207 89.184978 11.926005 -0.496837
445 2207 89.185039 11.720756 0.792047
446 2207 89.185100 11.515507 -0.277743
447 2207 89.185161 11.310258 0.017322
448 2207 89.185222 11.105009 0.734756
449 2207 89.185283 10.899760 -0.558637
450 2207 89.185344 10.694511 -0.618300
451 2207 89.185405 10.489262 -0.298466
452 2207 89.185466 10.284013 0.663008
453 2207 89.185528 10.078764 0.657947
454 2207 89.185589 9.873515 0.843532
455 2207 89.185650 9.668266 1.059969
456 2207 89.185711 9.463017 0.824470
457 2207 89.185772 9.257768 0.486262
458 2207 89.185833 9.052519 0.138010
459 2207 89.185894 8.847270 0.037007
460 2207 89.185955 8.642021 0.299862
461 2207 89.186016 8.436772 1.306049
462 2207 89.186077 8.231523 0.609985
463 2207 89.186138 8.026274 2.150176
464 2207 89.186199 7.821025 2.915328
465 2207 89.186260 7.615776 3.454651
466 2207 89.186321 7.410527 4.292245
467 2207 89.186382 7.205278 4.902908
468 2207 89.186443 7.000029 6.390549
469 2207 89.186505 6.794780 9.853007
470 2207 89.186566 6.589531 8.793490
471 2207 89.186627 6.384282 6.453093
472 2207 89.186688 6.179033 6.091356
473 2207 89.186749 5.973784 6.105708
474 2207 89.186810 5.768535 4.416955
475 2207 89.186871 5.563286 4.844953
476 2207 89.186932 5.358037 5.534835
477 2207 89.186993 5.152788 6.148783
478 2207 89.187054 4.947539 6.206008
479 2207 89.187115 4.742290 7.727870
480 2207 89.187176 4.537041 10.090816
481 2207 89.187237 4.331792 8.074049
482 2207 89.187298 4.126543 6.435038
483 2207 89.187359 3.921294 5.018140
484 2207 89.187420 3.716045 3.853443
485 2207 89.187482 3.510796 2.634424
486 2207 89.187543 3.305547 0.910766
487 2207 89.187604 3.100298 0.763474
488 2207 89.187665 2.895049 0.044812
489 2207 89.187726 2.689800 0.331899
490 2207 89.187787 2.484551 1.052693
491 2207 89.187848 2.279302 1.606416
492 2207 89.187909 2.074053 1.642041
493 2207 89.187970 1.868804 0.489014
494 2207 89.188031 1.663555 0.141283
495 2207 89.188092 1.458306 -0.197212
496 2207 89.188153 1.253057 -0.720891
497 2207 89.188214 1.047808 -0.001737
498 2207 89.188275 0.842559 -0.236723
499 2207 89.188336 0.637310 -0.638685
500 2207 89.188397 0.432061 -0.082832
501 2207 89.188459 0.226812 0.313368
502 2207 89.188520 0.021563 0.061115
503 2207 89.188581 -0.183686 0.249406
504 2207 89.188642 -0.388935 0.479664
505 2207 89.188703 -0.594184 0.884916
506 2207 89.188764 -0.799433 0.611136
507 2207 89.188825 -1.004682 0.790234
508 2207 89.188886 -1.209931 0.394872
509 2207 89.188947 -1.415180 0.603735
510 2207 89.189008 -1.620429 0.864496
511 2207 89.189069 -1.825677 1.274155
512 2207 89.189130 -2.030926 0.529975
513 2207 89.189191 -2.236175 -0.237368
514 2207 89.189252 -2.441424 -0.275253
515 2207 89.189313 -2.646673 0.281861
516 2207 89.189374 -2.851922 0.544884
517 2207 89.189436 -3.057171 0.105055
518 2207 89.189497 -3.262420 0.342665
519 2207 89.189558 -3.467669 -0.518146
520 2207 89.189619 -3.672918 0.274624
521 2207 89.189680 -3.878167 0.137676
522 2207 89.189741 -4.083416 -0.264439
523 2207 89.189802 -4.288665 0.005271
524 2207 89.189863 -4.493914 -0.339866
525 2207 89.189924 -4.699163 0.106281
526 2207 89.189985 -4.904412 0.134574
527 2207 89.190046 -5.109661 -0.271172
528 2207 89.190107 -5.314910 -0.399756
529 2207 89.190168 -5.520159 0.633017
530 2207 89.190229 -5.725408 0.292287
531 2207 89.190290 -5.930657 -0.190301
532 2207 89.190351 -6.135906 0.396345
533 2207 89.190412 -6.341155 0.416182
534 2207 89.190474 -6.546404 0.706012
535 2207 89.190535 -6.751653 0.177316
536 2207 89.190596 -6.956902 -0.979940
537 2207 89.190657 -7.162151 -0.408676
538 2207 89.190718 -7.367400 0.427399
539 2207 89.190779 -7.572649 1.015152
540 2207 89.190840 -7.777898 -0.952014
541 2207 89.190901 -7.983147 -1.206771
542 2207 89.190962 -8.188396 -0.821448
543 2207 89.191023 -8.393645 -0.736361
544 2207 89.191084 -8.598894 -0.459504
545 2207 89.191145 -8.804143 -0.071927
546 2207 89.191206 -9.009392 0.692058
547 2207 89.191267 -9.214641 0.045522
548 2207 89.191328 -9.419890 -0.798379
549 2207 89.191389 -9.625139 -0.943281
550 2207 89.191451 -9.830388 -0.993452
551 2207 89.191512 -10.035637 -0.349227
552 2207 89.191573 -10.240886 -0.954243
553 2207 89.191634 -10.446135 -0.297230
554 2207 89.191695 -10.651384 -0.393430
555 2207 89.191756 -10.856633 -0.931135
556 2207 89.191817 -11.061882 -0.613124
557 2207 89.191878 -11.267131 0.027471
558 2207 89.191939 -11.472380 -0.836759
559 2207 89.192000 -11.677629 -0.538256
560 2207 89.192061 -11.882878 0.205898
561 2207 89.192122 -12.088127 -0.065912
562 2207 89.192183 -12.293376 0.604708
563 2207 89.192244 -12.498625 -0.453139
564 2207 89.192305 -12.703874 -0.466670
565 2207 89.192366 -12.909123 -0.678823
566 2207 89.192428 -13.114372 -0.042176
567 2207 89.192489 -13.319621 0.320260
568 2207 89.192550 -13.524870 0.885429
569 2207 89.192611 -13.730119 0.389780
570 2207 89.192672 -13.935368 -0.384596
571 2207 89.192733 -14.140617 0.136955
572 2207 89.192794 -14.345866 0.445861
573 2207 89.192855 -14.551115 1.364298
574 2207 89.192916 -14.756364 1.984907
575 2207 89.192977 -14.961613 1.305733
576 2207 89.193038 -15.166862 0.212853
577 2207 89.193099 -15.372111 0.917814
578 2207 89.193160 -15.577360 0.839814
579 2207 89.193221 -15.782609 -0.307909
580 2207 89.193282 -15.987858 -0.547224
581 2207 89.193343 -16.193107 0.647927
582 2207 89.193405 -16.398356 1.174057
583 2207 89.193466 -16.603605 0.065440
584 2207 89.193527 -16.808854 -0.721074
585 2207 89.193588 -17.014103 -0.785565
586 2207 89.193649 -17.219352 -0.385539
587 2207 89.193710 -17.424601 -0.905918
588 2207 89.193771 -17.629850 -0.876686
589 2207 89.193832 -17.835099 0.197389
590 2207 89.193893 -18.040348 -0.369000
591 2207 89.193954 -18.245597 -0.246696
592 2207 89.194015 -18.450846 0.115028
593 2207 89.194076 -18.656095 0.342808
594 2207 89.194137 -18.861344 0.939595
595 2207 89.194198 -19.066593 0.794391
596 2207 89.194259 -19.271842 -0.031222
597 2207 89.194320 -19.477091 -0.235619
598 2207 89.194382 -19.682340 -0.916007
599 2207 89.194443 -19.887589 -0.460224
600 2207 89.194504 -20.092838 -0.830451
601 2207 89.194565 -20.298087 -0.740542
602 2207 89.194626 -20.503336 -0.509107
603 2207 89.194687 -20.708585 -0.201093
604 2207 89.194748 -20.913834 -0.059599
605 2207 89.194809 -21.119083 -0.069876
606 2207 89.194870 -21.324332 0.489972
607 2207 89.194931 -21.529580 -0.661438
608 2207 89.194992 -21.734829 -0.657071
609 2207 89.195053 -21.940078 1.464271
610 2207 89.195114 -22.145327 1.022881
611 2207 89.195175 -22.350576 -0.035739
612 2207 89.195236 -22.555825 -0.734671
613 2207 89.195297 -22.761074 -1.225211
614 2207 89.195359 -22.966323 -0.449508
615 2207 89.195420 -23.171572 -0.622237
616 2207 89.195481 -23.376821 0.432741
617 2207 89.195542 -23.582070 0.028334
618 2207 89.195603 -23.787319 -0.233459
619 2207 89.195664 -23.992568 -0.467902
620 2207 89.195725 -24.197817 0.580273
621 2207 89.195786 -24.403066 0.935456
622 2207 89.195847 -24.608315 1.340474
623 2207 89.195908 -24.813564 0.491773
624 2207 89.195969 -25.018813 0.328547
625 2207 89.196030 -25.224062 -0.037626
626 2207 89.196091 -25.429311 0.038308
627 2207 89.196152 -25.634560 -0.205860
628 2207 89.196213 -25.839809 0.262749
629 2207 89.196274 -26.045058 0.528070
630 2207 89.196335 -26.250307 0.442712
631 2207 89.196397 -26.455556 -0.038304
632 2207 89.196458 -26.660805 -0.396532
633 2207 89.196519 -26.866054 -0.985309
634 2207 89.196580 -27.071303 -0.792059
635 2207 89.196641 -27.276552 -0.728260
636 2207 89.196702 -27.481801 -0.195945
637 2207 89.196763 -27.687050 -0.128156
638 2207 89.196824 -27.892299 -1.300430
639 2207 89.196885 -28.097548 -1.055474
640 2207 89.196946 -28.302797 -0.021271
641 2207 89.197007 -28.508046 0.877382
642 2207 89.197068 -28.713295 1.035260
643 2207 89.197129 -28.918544 -0.157683
644 2207 89.197190 -29.123793 -0.344590
645 2207 89.197251 -29.329042 -0.342184
646 2207 89.197312 -29.534291 -0.900212
647 2207 89.197374 -29.739540 -1.616890
648 2207 89.197435 -29.944789 -0.753479
649 2207 89.197496 -30.150038 0.065600
650 2207 89.197557 -30.355287 0.104497
651 2207 89.197618 -30.560536 -0.463598
652 2207 89.197679 -30.765785 -0.672453
653 2207 89.197740 -30.971034 0.174970
654 2207 89.197801 -31.176283 0.294593
655 2207 89.197862 -31.381532 1.196298
656 2207 89.197923 -31.586781 1.026921
657 2207 89.197984 -31.792030 0.719259
658 2207 89.198045 -31.997279 0.313475
659 2207 89.198106 -32.202528 -0.301636
660 2207 89.198167 -32.407777 1.054198
661 2207 89.198228 -32.613026 1.218330
662 2207 89.198289 -32.818275 0.215261
663 2207 89.198351 -33.023524 -0.189561
664 2207 89.198412 -33.228773 -0.509174
665 2207 89.198473 -33.434022 -0.464781
666 2207 89.198534 -33.639271 0.213170
667 2207 89.198595 -33.844520 -0.935497
668 2207 89.198656 -34.049769 -0.908990
669 2207 89.198717 -34.255018 -0.856203
670 2207 89.198778 -34.460267 -0.893609
671 2207 89.198839 -34.665516 -0.200267
672 2207 89.198900 -34.870765 0.169274
673 2207 89.198961 -35.076014 0.400746
674 2207 89.199022 -35.281263 0.695435
675 2207 89.199083 -35.486512 0.788151
676 2207 89.199144 -35.691761 0.911403
677 2207 89.199205 -35.897010 0.966884
678 2207 89.199266 -36.102259 0.778711
679 2207 89.199328 -36.307508 1.327842
680 2207 89.199389 -36.512757 0.569381
681 2207 89.199450 -36.718006 0.897462
682 2207 89.199511 -36.923255 -0.179554
683 2207 89.199572 -37.128504 0.134343
684 2207 89.199633 -37.333753 0.822596
685 2207 89.199694 -37.539002 1.155035
686 2207 89.199755 -37.744251 1.065981
687 2207 89.199816 -37.949500 0.804008
688 2207 89.199877 -38.154749 -0.121807
689 2207 89.199938 -38.359998 -0.584943
690 2207 89.199999 -38.565247 0.164891
691 2207 89.200060 -38.770496 0.135875
692 2207 89.200121 -38.975745 0.168390
693 2207 89.200182 -39.180994 0.134590
694 2207 89.200243 -39.386243 -0.115965
695 2207 89.200305 -39.591492 -0.760450
696 2207 89.200366 -39.796741 -0.446233
697 2207 89.200427 -40.001990 0.050470
698 2207 89.200488 -40.207239 -0.210815
699 2207 89.200549 -40.412488 -0.699524
700 2207 89.200610 -40.617737 -0.028120
701 2207 89.200671 -40.822986 0.426101
702 2207 89.200732 -41.028235 1.565997
703 2207 89.200793 -41.233484 0.677970
704 2207 89.200854 -41.438732 1.354299
705 2207 89.200915 -41.643981 1.196850
706 2207 89.200976 -41.849230 0.786620
707 2207 89.201037 -42.054479 0.754227
708 2207 89.201098 -42.259728 -0.377960
709 2207 89.201159 -42.464977 -0.051434
710 2207 89.201220 -42.670226 0.032835
711 2207 89.201281 -42.875475 0.485970
712 2207 89.201343 -43.080724 0.837776
713 2207 89.201404 -43.285973 -0.442989
714 2207 89.201465 -43.491222 -0.474794
715 2207 89.201526 -43.696471 -0.029905
716 2207 89.201587 -43.901720 -0.194418
717 2207 89.201648 -44.106969 -1.181036
718 2207 89.201709 -44.312218 -0.071196
719 2207 89.201770 -44.517467 0.614004
720 2207 89.201831 -44.722716 0.356486
721 2207 89.201892 -44.927965 -0.146164
722 2207 89.201953 -45.133214 -0.187221
723 2207 89.202014 -45.338463 -0.676751
724 2207 89.202075 -45.543712 -0.573834
725 2207 89.202136 -45.748961 0.180981
726 2207 89.202197 -45.954210 0.169176
727 2207 89.202258 -46.159459 0.091276
728 2207 89.202320 -46.364708 0.040258
729 2207 89.202381 -46.569957 -0.013832
730 2207 89.202442 -46.775206 0.105328
731 2207 89.202503 -46.980455 -0.187955
732 2207 89.202564 -47.185704 -0.034748
733 2207 89.202625 -47.390953 0.077178
734 2207 89.202686 -47.596202 0.571120
735 2207 89.202747 -47.801451 0.533240
736 2207 89.202808 -48.006700 -0.182827
737 2207 89.202869 -48.211949 1.029674
738 2207 89.202930 -48.417198 0.881638
739 2207 89.202991 -48.622447 0.272815
740 2207 89.203052 -48.827696 0.221645
741 2207 89.203113 -49.032945 0.036124
742 2207 89.203174 -49.238194 0.697982
743 2207 89.203235 -49.443443 0.322041
744 2207 89.203297 -49.648692 -0.038574
745 2207 89.203358 -49.853941 -0.080819
746 2207 89.203419 -50.059190 0.532700
747 2207 89.203480 -50.264439 0.286430
748 2207 89.203541 -50.469688 -0.956553
749 2207 89.203602 -50.674937 -0.355484
750 2207 89.203663 -50.880186 1.145547
751 2207 89.203724 -51.085435 0.314901
752 2207 89.203785 -51.290684 -0.700197
753 2207 89.203846 -51.495933 -0.642222
754 2207 89.203907 -51.701182 -0.654714
755 2207 89.203968 -51.906431 -0.064947
756 2207 89.204029 -52.111680 0.369359
757 2207 89.204090 -52.316929 0.531807
758 2207 89.204151 -52.522178 -0.002118
759 2207 89.204212 -52.727427 0.168185
760 2207 89.204274 -52.932676 0.027747
761 2207 89.204335 -53.137925 0.418380
762 2207 89.204396 -53.343174 -0.478236
763 2207 89.204457 -53.548423 -0.224639
764 2207 89.204518 -53.753672 -0.029895
765 2207 89.204579 -53.958921 -0.255080
766 2207 89.204640 -54.164170 0.300512
767 2207 89.204701 -54.369419 -0.162655
768 2207 89.204762 -54.574668 -0.275937
769 2207 89.204823 -54.779917 0.111503
770 2207 89.204884 -54.985166 0.331523
771 2207 89.204945 -55.190415 0.052460
772 2207 89.205006 -55.395664 -0.537061
773 2207 89.205067 -55.600913 0.423672
774 2207 89.205128 -55.806162 0.661850
775 2207 89.205189 -56.011411 0.609290
776 2207 89.205251 -56.216660 -0.400018
777 2207 89.205312 -56.421909 0.593817
778 2207 89.205373 -56.627158 0.141352
779 2207 89.205434 -56.832407 -0.215874
780 2207 89.205495 -57.037656 0.379693
781 2207 89.205556 -57.242905 0.704101
782 2207 89.205617 -57.448154 0.038967
783 2207 89.205678 -57.653403 0.174794
784 2207 89.205739 -57.858652 0.202634
785 2207 89.205800 -58.063901 -0.390275
786 2207 89.205861 -58.269150 -0.623418
787 2207 89.205922 -58.474399 0.067398
788 2207 89.205983 -58.679648 0.310399
789 2207 89.206044 -58.884897 0.350856
790 2207 89.206105 -59.090146 -0.332629
791 2207 89.206166 -59.295395 -0.426261
792 2207 89.206227 -59.500644 -0.891949
793 2207 89.206289 -59.705893 -0.862711
794 2207 89.206350 -59.911142 -1.037828
795 2207 89.206411 -60.116391 -0.879385
796 2207 89.206472 -60.321640 -0.027935
797 2207 89.206533 -60.526889 0.200976
798 2207 89.206594 -60.732138 0.367615
799 2207 89.206655 -60.937387 0.886350
800 2207 89.206716 -61.142635 0.091797
801 2207 89.206777 -61.347884 -0.341061
802 2207 89.206838 -61.553133 -1.160136
803 2207 89.206899 -61.758382 -0.141574
804 2207 89.206960 -61.963631 -0.104274
805 2207 89.207021 -62.168880 -0.140141
806 2207 89.207082 -62.374129 -0.279459
807 2207 89.207143 -62.579378 -0.374841
808 2207 89.207204 -62.784627 0.501172
809 2207 89.207266 -62.989876 -0.304228
810 2207 89.207327 -63.195125 0.115656
811 2207 89.207388 -63.400374 -0.408730
812 2207 89.207449 -63.605623 -1.063606
813 2207 89.207510 -63.810872 -0.870171
814 2207 89.207571 -64.016121 -0.675692
815 2207 89.207632 -64.221370 -0.104898
816 2207 89.207693 -64.426619 -0.714540
817 2207 89.207754 -64.631868 0.006073
818 2207 89.207815 -64.837117 -0.085701
819 2207 89.207876 -65.042366 -0.978691
820 2207 89.207937 -65.247615 -1.781933
821 2207 89.207998 -65.452864 -0.748861
822 2207 89.208059 -65.658113 0.442256
823 2207 89.208120 -65.863362 0.404925
824 2207 89.208181 -66.068611 -0.529709
825 2207 89.208243 -66.273860 -0.453604
826 2207 89.208304 -66.479109 -0.086044
827 2207 89.208365 -66.684358 0.285273
828 2207 89.208426 -66.889607 0.195044
829 2207 89.208487 -67.094856 0.432762
830 2207 89.208548 -67.300105 0.168453
831 2207 89.208609 -67.505354 -0.813070
832 2207 89.208670 -67.710603 -0.872519
833 2207 89.208731 -67.915852 0.695230
834 2207 89.208792 -68.121101 1.528822
835 2207 89.208853 -68.326350 0.903301
836 2207 89.208914 -68.531599 0.262280
837 2207 89.208975 -68.736848 0.061760
838 2207 89.209036 -68.942097 0.937076
839 2207 89.209097 -69.147346 0.942418
840 2207 89.209158 -69.352595 0.452217
841 2207 89.209220 -69.557844 0.325613
842 2207 89.209281 -69.763093 0.605714
843 2207 89.209342 -69.968342 0.336403
844 2207 89.209403 -70.173591 1.094895
845 2207 89.209464 -70.378840 0.404608
846 2207 89.209525 -70.584089 -0.937175
847 2207 89.209586 -70.789338 -0.262056
848 2207 89.209647 -70.994587 -0.298101
849 2207 89.209708 -71.199836 0.720397
850 2207 89.209769 -71.405085 1.030919
851 2207 89.209830 -71.610334 -0.139513
852 2207 89.209891 -71.815583 -0.441152
853 2207 89.209952 -72.020832 -0.574497
854 2207 89.210013 -72.226081 -0.696422
855 2207 89.210074 -72.431330 -0.521402
856 2207 89.210135 -72.636579 0.122840
857 2207 89.210197 -72.841828 0.153629
858 2207 89.210258 -73.047077 0.165961
859 2207 89.210319 -73.252326 -0.481476
860 2207 89.210380 -73.457575 -1.280108
861 2207 89.210441 -73.662824 -0.402283
862 2207 89.210502 -73.868073 -0.128480
863 2207 89.210563 -74.073322 -0.120264
864 2207 89.210624 -74.278571 0.984189
865 2207 89.210685 -74.483820 0.982673
866 2207 89.210746 -74.689069 0.943537
867 2207 89.210807 -74.894318 0.501158
868 2207 89.210868 -75.099567 0.251081
869 2207 89.210929 -75.304816 0.773726
870 2207 89.210990 -75.510065 0.252367
871 2207 89.211051 -75.715314 0.157331
872 2207 89.211112 -75.920563 -0.273788
873 2207 89.211173 -76.125812 0.542604
874 2207 89.211235 -76.331061 0.580770
875 2207 89.211296 -76.536310 0.527668
876 2207 89.211357 -76.741559 0.379434
877 2207 89.211418 -76.946808 -0.038072
878 2207 89.211479 -77.152057 -0.384463
879 2207 89.211540 -77.357306 0.010153
880 2207 89.211601 -77.562555 0.981575
881 2207 89.211662 -77.767804 -0.030412
882 2207 89.211723 -77.973053 -0.132155
883 2207 89.211784 -78.178302 -0.026215
884 2207 89.211845 -78.383551 -0.427112
885 2207 89.211906 -78.588800 -0.585790
886 2207 89.211967 -78.794049 -0.324369
887 2207 89.212028 -78.999298 0.591585
888 2207 89.212089 -79.204547 0.053703
889 2207 89.212150 -79.409796 0.063110
890 2207 89.212212 -79.615045 0.285484
891 2207 89.212273 -79.820294 0.331376
892 2207 89.212334 -80.025543 -1.068848
893 2207 89.212395 -80.230792 -0.228802
894 2207 89.212456 -80.436041 -0.015473
895 2207 89.212517 -80.641290 0.065525
896 2207 89.212578 -80.846539 0.263793
897 2207 89.212639 -81.051787 -0.474530
898 2207 89.212700 -81.257036 0.453177
899 2207 89.212761 -81.462285 1.061034
900 2207 89.212822 -81.667534 -0.107127
901 2207 89.212883 -81.872783 -0.440739
902 2207 89.212944 -82.078032 0.058841
903 2207 89.213005 -82.283281 -0.227015
904 2207 89.213066 -82.488530 -0.936458
905 2207 89.213127 -82.693779 0.118444
906 2207 89.213189 -82.899028 0.628733
907 2207 89.213250 -83.104277 0.192266
908 2207 89.213311 -83.309526 -0.438763
909 2207 89.213372 -83.514775 -0.645205
910 2207 89.213433 -83.720024 0.020836
911 2207 89.213494 -83.925273 0.121023
912 2207 89.213555 -84.130522 -0.199987
913 2207 89.213616 -84.335771 -0.663842
914 2207 89.213677 -84.541020 -0.172508
915 2207 89.213738 -84.746269 -0.144777
916 2207 89.213799 -84.951518 -0.270947
917 2207 89.213860 -85.156767 -0.170017
918 2207 89.213921 -85.362016 -0.784479
919 2207 89.213982 -85.567265 -1.711201
920 2207 89.214043 -85.772514 -0.697573
921 2207 89.214104 -85.977763 -0.019181
922 2207 89.214166 -86.183012 -0.348472
923 2207 89.214227 -86.388261 -0.869095
924 2207 89.214288 -86.593510 -0.827022
925 2207 89.214349 -86.798759 -0.484603
926 2207 89.214410 -87.004008 0.174483
927 2207 89.214471 -87.209257 0.087768
928 2207 89.214532 -87.414506 0.312321
929 2207 89.214593 -87.619755 -0.217466
930 2207 89.214654 -87.825004 0.069080
931 2207 89.214715 -88.030253 0.176638
932 2207 89.214776 -88.235502 -0.856409
933 2207 89.214837 -88.440751 -0.460659
934 2207 89.214898 -88.646000 0.034706
935 2207 89.214959 -88.851249 0.522881
936 2207 89.215020 -89.056498 0.353460
937 2207 89.215081 -89.261747 0.071319
938 2207 89.215143 -89.466996 -0.336625
939 2207 89.215204 -89.672245 0.007958
940 2207 89.215265 -89.877494 -0.076425
941 2207 89.215326 -90.082743 0.796755
942 2207 89.215387 -90.287992 0.218209
943 2207 89.215448 -90.493241 -0.529450
944 2207 89.215509 -90.698490 -0.871937
945 2207 89.215570 -90.903739 -0.292327
946 2207 89.215631 -91.108988 -0.331510
947 2207 89.215692 -91.314237 0.136883
948 2207 89.215753 -91.519486 -0.222206
949 2207 89.215814 -91.724735 1.098518
950 2207 89.215875 -91.929984 0.886157
951 2207 89.215936 -92.135233 -0.071222
952 2207 89.215997 -92.340482 0.578689
953 2207 89.216058 -92.545731 0.285331
954 2207 89.216119 -92.750980 -0.100793
955 2207 89.216181 -92.956229 -0.509085
956 2207 89.216242 -93.161478 -0.123605
957 2207 89.216303 -93.366727 0.128699
