# cube.image, region=
# beam size: 17.2624051726 arcsec2, 53.1314409743 pixels
# Total flux: 7.47938294096 Jy.MHz
# Channel number_of_unmasked_pixels frequency_(MHz) Velocity_(km/s) Flux_density_(Jy)
        0                       269   330598.997228       -9.999833     -9.647420e-01
        1                       269   330598.961941       -9.967834     -1.071281e+00
        2                       269   330598.926653       -9.935835     -3.810407e-01
        3                       269   330598.891366       -9.903836     -4.499658e-01
        4                       269   330598.856079       -9.871837      5.284649e-01
        5                       269   330598.820792       -9.839839      4.755686e-01
        6                       269   330598.785505       -9.807840     -3.402577e-02
        7                       269   330598.750218       -9.775841      8.264523e-01
        8                       269   330598.714931       -9.743842      7.745208e-01
        9                       269   330598.679644       -9.711843      5.041438e-01
       10                       269   330598.644356       -9.679844     -5.376606e-02
       11                       269   330598.609069       -9.647845      2.568556e-01
       12                       269   330598.573782       -9.615846      2.745034e-01
       13                       269   330598.538495       -9.583847      9.023154e-01
       14                       269   330598.503208       -9.551848      6.209340e-01
       15                       269   330598.467921       -9.519849      3.273286e-01
       16                       269   330598.432634       -9.487850     -9.012215e-01
       17                       269   330598.397347       -9.455851     -1.306790e+00
       18                       269   330598.362059       -9.423852     -4.631594e-01
       19                       269   330598.326772       -9.391853      2.852507e-01
       20                       269   330598.291485       -9.359854      5.688126e-01
       21                       269   330598.256198       -9.327855     -1.224392e-01
       22                       269   330598.220911       -9.295856     -7.407461e-02
       23                       269   330598.185624       -9.263857      5.383342e-01
       24                       269   330598.150337       -9.231858      4.580963e-01
       25                       269   330598.115049       -9.199859      4.979409e-01
       26                       269   330598.079762       -9.167860     -3.206642e-01
       27                       269   330598.044475       -9.135861      5.029728e-01
       28                       269   330598.009188       -9.103862      6.810054e-01
       29                       269   330597.973901       -9.071863     -6.121474e-01
       30                       269   330597.938614       -9.039864      4.608015e-02
       31                       269   330597.903327       -9.007865     -3.410119e-01
       32                       269   330597.868040       -8.975866     -9.583084e-01
       33                       269   330597.832752       -8.943867     -2.111115e-01
       34                       269   330597.797465       -8.911868      2.811777e-02
       35                       269   330597.762178       -8.879868     -3.359072e-01
       36                       269   330597.726891       -8.847869     -4.800313e-01
       37                       269   330597.691604       -8.815870      4.726520e-01
       38                       269   330597.656317       -8.783871      4.719481e-01
       39                       269   330597.621030       -8.751872     -1.618738e-01
       40                       269   330597.585743       -8.719873     -9.875666e-01
       41                       269   330597.550455       -8.687874      3.704295e-03
       42                       269   330597.515168       -8.655875      1.222391e-02
       43                       269   330597.479881       -8.623876      2.678838e-01
       44                       269   330597.444594       -8.591877      2.176811e-01
       45                       269   330597.409307       -8.559878      1.099540e-01
       46                       269   330597.374020       -8.527879      6.081184e-01
       47                       269   330597.338733       -8.495880      6.667144e-01
       48                       269   330597.303446       -8.463881      1.956113e-01
       49                       269   330597.268158       -8.431881      1.561657e+00
       50                       269   330597.232871       -8.399882      8.108245e-01
       51                       269   330597.197584       -8.367883      5.216207e-01
       52                       269   330597.162297       -8.335884     -3.469376e-01
       53                       269   330597.127010       -8.303885     -4.619298e-01
       54                       269   330597.091723       -8.271886      4.017777e-01
       55                       269   330597.056436       -8.239887     -3.067907e-01
       56                       269   330597.021148       -8.207888     -3.718138e-01
       57                       269   330596.985861       -8.175889     -1.180173e-01
       58                       269   330596.950574       -8.143889      2.900426e-01
       59                       269   330596.915287       -8.111890     -8.835411e-01
       60                       269   330596.880000       -8.079891      2.591518e-02
       61                       269   330596.844713       -8.047892      2.560619e-01
       62                       269   330596.809426       -8.015893      4.144861e-01
       63                       269   330596.774139       -7.983894      3.434813e-01
       64                       269   330596.738851       -7.951895      5.668653e-01
       65                       269   330596.703564       -7.919895      1.071341e-02
       66                       269   330596.668277       -7.887896     -1.713402e-01
       67                       269   330596.632990       -7.855897     -2.757899e-01
       68                       269   330596.597703       -7.823898     -2.753246e-01
       69                       269   330596.562416       -7.791899     -5.007958e-02
       70                       269   330596.527129       -7.759900     -4.361556e-01
       71                       269   330596.491842       -7.727900      4.825826e-01
       72                       269   330596.456554       -7.695901     -1.059072e-01
       73                       269   330596.421267       -7.663902      1.848339e-01
       74                       269   330596.385980       -7.631903      6.384624e-01
       75                       269   330596.350693       -7.599904      5.085780e-01
       76                       269   330596.315406       -7.567904      2.097370e-01
       77                       269   330596.280119       -7.535905     -4.861172e-01
       78                       269   330596.244832       -7.503906      1.006939e-01
       79                       269   330596.209545       -7.471907      9.311464e-02
       80                       269   330596.174257       -7.439908     -5.893784e-01
       81                       269   330596.138970       -7.407908     -5.176232e-01
       82                       269   330596.103683       -7.375909      3.300091e-01
       83                       269   330596.068396       -7.343910      2.896100e-01
       84                       269   330596.033109       -7.311911      4.155901e-02
       85                       269   330595.997822       -7.279912      1.835139e-02
       86                       269   330595.962535       -7.247912     -1.380397e+00
       87                       269   330595.927248       -7.215913     -8.623399e-01
       88                       269   330595.891960       -7.183914     -7.332819e-01
       89                       269   330595.856673       -7.151915     -5.218914e-01
       90                       269   330595.821386       -7.119915     -3.027517e-01
       91                       269   330595.786099       -7.087916      8.339624e-02
       92                       269   330595.750812       -7.055917      5.439391e-01
       93                       269   330595.715525       -7.023918      6.691428e-02
       94                       269   330595.680238       -6.991918      9.215785e-02
       95                       269   330595.644950       -6.959919     -2.592449e-01
       96                       269   330595.609663       -6.927920     -2.961702e-01
       97                       269   330595.574376       -6.895921     -6.801819e-01
       98                       269   330595.539089       -6.863921     -6.663423e-01
       99                       269   330595.503802       -6.831922     -9.605638e-02
      100                       269   330595.468515       -6.799923      9.527974e-03
      101                       269   330595.433228       -6.767924      3.288818e-01
      102                       269   330595.397941       -6.735924      5.160562e-01
      103                       269   330595.362653       -6.703925      7.132278e-02
      104                       269   330595.327366       -6.671926     -3.175937e-01
      105                       269   330595.292079       -6.639926      5.544374e-01
      106                       269   330595.256792       -6.607927      4.980869e-01
      107                       269   330595.221505       -6.575928      4.005761e-02
      108                       269   330595.186218       -6.543929      5.491775e-01
      109                       269   330595.150931       -6.511929      4.557266e-02
      110                       269   330595.115644       -6.479930      2.371359e-01
      111                       269   330595.080356       -6.447931     -4.784150e-01
      112                       269   330595.045069       -6.415931      2.650549e-01
      113                       269   330595.009782       -6.383932      3.537121e-01
      114                       269   330594.974495       -6.351933      6.731807e-01
      115                       269   330594.939208       -6.319933      4.919251e-01
      116                       269   330594.903921       -6.287934      8.482910e-01
      117                       269   330594.868634       -6.255935      4.763052e-01
      118                       269   330594.833347       -6.223935     -8.089730e-01
      119                       269   330594.798059       -6.191936     -6.072879e-01
      120                       269   330594.762772       -6.159937     -6.657456e-01
      121                       269   330594.727485       -6.127937     -4.694482e-01
      122                       269   330594.692198       -6.095938     -2.045218e-01
      123                       269   330594.656911       -6.063939     -4.008836e-03
      124                       269   330594.621624       -6.031939      3.947923e-01
      125                       269   330594.586337       -5.999940      4.201894e-01
      126                       269   330594.551049       -5.967941     -8.130147e-02
      127                       269   330594.515762       -5.935941     -5.148029e-01
      128                       269   330594.480475       -5.903942     -6.146404e-01
      129                       269   330594.445188       -5.871942     -5.394635e-01
      130                       269   330594.409901       -5.839943     -6.489133e-01
      131                       269   330594.374614       -5.807944     -1.110171e+00
      132                       269   330594.339327       -5.775944     -5.554827e-01
      133                       269   330594.304040       -5.743945     -1.020398e-01
      134                       269   330594.268752       -5.711946     -1.583360e-01
      135                       269   330594.233465       -5.679946      1.007616e+00
      136                       269   330594.198178       -5.647947      5.681951e-01
      137                       269   330594.162891       -5.615947      1.015081e+00
      138                       269   330594.127604       -5.583948      1.096364e+00
      139                       269   330594.092317       -5.551949      1.031014e+00
      140                       269   330594.057030       -5.519949      1.281029e+00
      141                       269   330594.021743       -5.487950      8.604922e-01
      142                       269   330593.986455       -5.455950      1.583728e-01
      143                       269   330593.951168       -5.423951     -5.689367e-01
      144                       269   330593.915881       -5.391952      2.105646e-01
      145                       269   330593.880594       -5.359952      1.298268e-01
      146                       269   330593.845307       -5.327953      9.852757e-02
      147                       269   330593.810020       -5.295953     -3.593430e-01
      148                       269   330593.774733       -5.263954     -4.613931e-01
      149                       269   330593.739446       -5.231954     -3.309243e-01
      150                       269   330593.704158       -5.199955      1.666719e-01
      151                       269   330593.668871       -5.167955      1.292881e+00
      152                       269   330593.633584       -5.135956      1.163558e+00
      153                       269   330593.598297       -5.103957     -3.088581e-01
      154                       269   330593.563010       -5.071957     -8.228269e-01
      155                       269   330593.527723       -5.039958     -7.420055e-01
      156                       269   330593.492436       -5.007958     -9.089334e-01
      157                       269   330593.457149       -4.975959     -1.009345e-01
      158                       269   330593.421861       -4.943959      9.615663e-03
      159                       269   330593.386574       -4.911960      1.496225e-01
      160                       269   330593.351287       -4.879960     -4.181678e-01
      161                       269   330593.316000       -4.847961      3.385078e-01
      162                       269   330593.280713       -4.815961     -4.674770e-01
      163                       269   330593.245426       -4.783962      2.359052e-01
      164                       269   330593.210139       -4.751962      3.700365e-01
      165                       269   330593.174851       -4.719963      3.406976e-01
      166                       269   330593.139564       -4.687963      6.302921e-01
      167                       269   330593.104277       -4.655964      6.046733e-01
      168                       269   330593.068990       -4.623964     -3.358946e-01
      169                       269   330593.033703       -4.591965     -2.544429e-01
      170                       269   330592.998416       -4.559965      8.866585e-01
      171                       269   330592.963129       -4.527966      1.052227e+00
      172                       269   330592.927842       -4.495966      7.674757e-02
      173                       269   330592.892554       -4.463967      3.098329e-01
      174                       269   330592.857267       -4.431967      8.004936e-01
      175                       269   330592.821980       -4.399968      5.008398e-01
      176                       269   330592.786693       -4.367968      1.503622e+00
      177                       269   330592.751406       -4.335969      5.337538e-01
      178                       269   330592.716119       -4.303969     -2.320945e-01
      179                       269   330592.680832       -4.271970     -7.367250e-01
      180                       269   330592.645545       -4.239970     -5.553096e-02
      181                       269   330592.610257       -4.207970     -9.115065e-01
      182                       269   330592.574970       -4.175971     -3.565386e-01
      183                       269   330592.539683       -4.143971     -2.413793e-01
      184                       269   330592.504396       -4.111972     -1.441022e-01
      185                       269   330592.469109       -4.079972     -1.991866e-01
      186                       269   330592.433822       -4.047973     -6.183479e-01
      187                       269   330592.398535       -4.015973     -2.526641e-01
      188                       269   330592.363248       -3.983974     -5.107609e-01
      189                       269   330592.327960       -3.951974     -1.749848e-01
      190                       269   330592.292673       -3.919974      4.979983e-01
      191                       269   330592.257386       -3.887975      1.994814e-01
      192                       269   330592.222099       -3.855975      4.738905e-01
      193                       269   330592.186812       -3.823976      3.651187e-01
      194                       269   330592.151525       -3.791976     -6.744770e-01
      195                       269   330592.116238       -3.759976     -1.249908e+00
      196                       269   330592.080950       -3.727977      1.363320e-01
      197                       269   330592.045663       -3.695977     -4.911545e-01
      198                       269   330592.010376       -3.663978     -6.189599e-01
      199                       269   330591.975089       -3.631978      4.303935e-01
      200                       269   330591.939802       -3.599978      6.277383e-02
      201                       269   330591.904515       -3.567979      1.353599e+00
      202                       269   330591.869228       -3.535979      4.968522e-01
      203                       269   330591.833941       -3.503980     -1.892049e-01
      204                       269   330591.798653       -3.471980      3.038587e-01
      205                       269   330591.763366       -3.439980     -8.259881e-02
      206                       269   330591.728079       -3.407981      2.344977e-01
      207                       269   330591.692792       -3.375981      4.011566e-01
      208                       269   330591.657505       -3.343981     -6.442279e-02
      209                       269   330591.622218       -3.311982     -1.439444e-01
      210                       269   330591.586931       -3.279982      2.274389e-01
      211                       269   330591.551644       -3.247982     -2.659690e-01
      212                       269   330591.516356       -3.215983     -2.715298e-01
      213                       269   330591.481069       -3.183983     -3.091677e-01
      214                       269   330591.445782       -3.151983     -2.744130e-01
      215                       269   330591.410495       -3.119984      3.139728e-02
      216                       269   330591.375208       -3.087984      2.785680e-01
      217                       269   330591.339921       -3.055984     -3.771587e-01
      218                       269   330591.304634       -3.023985     -6.468480e-02
      219                       269   330591.269347       -2.991985      2.891732e-02
      220                       269   330591.234059       -2.959985      1.452209e-01
      221                       269   330591.198772       -2.927986     -2.536106e-01
      222                       269   330591.163485       -2.895986      3.850867e-01
      223                       269   330591.128198       -2.863986      4.248463e-01
      224                       269   330591.092911       -2.831987      1.213099e-01
      225                       269   330591.057624       -2.799987      6.615743e-03
      226                       269   330591.022337       -2.767987     -9.046756e-02
      227                       269   330590.987049       -2.735988     -2.123195e-01
      228                       269   330590.951762       -2.703988     -1.658739e+00
      229                       269   330590.916475       -2.671988     -6.987327e-01
      230                       269   330590.881188       -2.639988      7.323527e-02
      231                       269   330590.845901       -2.607989      1.206378e-01
      232                       269   330590.810614       -2.575989     -1.439172e-01
      233                       269   330590.775327       -2.543989     -8.665042e-01
      234                       269   330590.740040       -2.511989     -7.954013e-01
      235                       269   330590.704752       -2.479990     -6.680657e-02
      236                       269   330590.669465       -2.447990      1.986233e-01
      237                       269   330590.634178       -2.415990     -1.041798e+00
      238                       269   330590.598891       -2.383991      1.201571e-01
      239                       269   330590.563604       -2.351991     -5.083606e-01
      240                       269   330590.528317       -2.319991     -8.148919e-01
      241                       269   330590.493030       -2.287991      3.835683e-01
      242                       269   330590.457743       -2.255992      3.083880e-01
      243                       269   330590.422455       -2.223992      2.064046e-01
      244                       269   330590.387168       -2.191992      7.404727e-01
      245                       269   330590.351881       -2.159992      5.434999e-01
      246                       269   330590.316594       -2.127992      6.628413e-01
      247                       269   330590.281307       -2.095993      4.633673e-01
      248                       269   330590.246020       -2.063993      7.967557e-01
      249                       269   330590.210733       -2.031993      5.654635e-01
      250                       269   330590.175446       -1.999993     -1.046654e-01
      251                       269   330590.140158       -1.967994     -1.953072e-01
      252                       269   330590.104871       -1.935994     -1.516394e+00
      253                       269   330590.069584       -1.903994     -1.194113e+00
      254                       269   330590.034297       -1.871994     -8.491039e-01
      255                       269   330589.999010       -1.839994     -5.803195e-01
      256                       269   330589.963723       -1.807995     -6.856061e-02
      257                       269   330589.928436       -1.775995      2.200921e-01
      258                       269   330589.893149       -1.743995     -7.600005e-02
      259                       269   330589.857861       -1.711995      2.727884e-01
      260                       269   330589.822574       -1.679995     -2.783389e-01
      261                       269   330589.787287       -1.647995     -1.999038e-02
      262                       269   330589.752000       -1.615996     -5.350272e-01
      263                       269   330589.716713       -1.583996     -5.676228e-01
      264                       269   330589.681426       -1.551996      3.841849e-01
      265                       269   330589.646139       -1.519996      5.577900e-01
      266                       269   330589.610851       -1.487996      1.364680e-01
      267                       269   330589.575564       -1.455996     -9.517669e-02
      268                       269   330589.540277       -1.423997      4.677524e-01
      269                       269   330589.504990       -1.391997     -2.951922e-01
      270                       269   330589.469703       -1.359997     -6.190885e-01
      271                       269   330589.434416       -1.327997      1.498688e+00
      272                       269   330589.399129       -1.295997      1.074700e+00
      273                       269   330589.363842       -1.263997      6.632911e-01
      274                       269   330589.328554       -1.231997      2.112114e-01
      275                       269   330589.293267       -1.199998     -5.978864e-03
      276                       269   330589.257980       -1.167998      3.320130e-01
      277                       269   330589.222693       -1.135998      5.813302e-01
      278                       269   330589.187406       -1.103998     -3.233300e-01
      279                       269   330589.152119       -1.071998      1.089684e-01
      280                       269   330589.116832       -1.039998     -1.763323e-01
      281                       269   330589.081545       -1.007998     -2.174460e-01
      282                       269   330589.046257       -0.975998     -6.126038e-01
      283                       269   330589.010970       -0.943999     -4.922534e-02
      284                       269   330588.975683       -0.911999     -5.425993e-02
      285                       269   330588.940396       -0.879999     -1.332888e-01
      286                       269   330588.905109       -0.847999      2.747333e-01
      287                       269   330588.869822       -0.815999      8.358305e-01
      288                       269   330588.834535       -0.783999      2.313292e-01
      289                       269   330588.799248       -0.751999     -1.101514e-01
      290                       269   330588.763960       -0.719999      4.235719e-01
      291                       269   330588.728673       -0.687999      2.916888e-01
      292                       269   330588.693386       -0.655999     -5.330132e-01
      293                       269   330588.658099       -0.623999      1.868518e-01
      294                       269   330588.622812       -0.591999     -7.299299e-02
      295                       269   330588.587525       -0.559999     -1.299418e-01
      296                       269   330588.552238       -0.528000      1.761065e-01
      297                       269   330588.516950       -0.496000      5.380708e-01
      298                       269   330588.481663       -0.464000      7.867554e-01
      299                       269   330588.446376       -0.432000      7.290078e-01
      300                       269   330588.411089       -0.400000      5.050614e-01
      301                       269   330588.375802       -0.368000      4.625160e-01
      302                       269   330588.340515       -0.336000     -1.152077e-01
      303                       269   330588.305228       -0.304000      2.133083e-01
      304                       269   330588.269941       -0.272000      9.337098e-01
      305                       269   330588.234653       -0.240000      7.039392e-01
      306                       269   330588.199366       -0.208000      1.090945e+00
      307                       269   330588.164079       -0.176000      1.371136e+00
      308                       269   330588.128792       -0.144000      1.374903e+00
      309                       269   330588.093505       -0.112000      2.146607e-01
      310                       269   330588.058218       -0.080000      1.829142e+00
      311                       269   330588.022931       -0.048000      1.203415e+00
      312                       269   330587.987644       -0.016000      1.392671e+00
      313                       269   330587.952356        0.016000      2.553209e+00
      314                       269   330587.917069        0.048000      1.450425e+00
      315                       269   330587.881782        0.080000      7.102261e-01
      316                       269   330587.846495        0.112000      1.393154e+00
      317                       269   330587.811208        0.144000      3.014722e+00
      318                       269   330587.775921        0.176000      3.149656e+00
      319                       269   330587.740634        0.208000      3.053582e+00
      320                       269   330587.705347        0.240000      3.250545e+00
      321                       269   330587.670059        0.272000      4.079548e+00
      322                       269   330587.634772        0.304000      4.512274e+00
      323                       269   330587.599485        0.336000      3.751131e+00
      324                       269   330587.564198        0.368000      5.043945e+00
      325                       269   330587.528911        0.400000      4.877865e+00
      326                       269   330587.493624        0.432000      5.167397e+00
      327                       269   330587.458337        0.464000      5.139529e+00
      328                       269   330587.423049        0.496000      6.722176e+00
      329                       269   330587.387762        0.528000      7.513535e+00
      330                       269   330587.352475        0.560001      6.751290e+00
      331                       269   330587.317188        0.592001      5.365534e+00
      332                       269   330587.281901        0.624001      3.812026e+00
      333                       269   330587.246614        0.656001      2.158324e+00
      334                       269   330587.211327        0.688001      1.106487e+00
      335                       269   330587.176040        0.720001      1.694465e-01
      336                       269   330587.140752        0.752001      9.790881e-02
      337                       269   330587.105465        0.784001      1.101703e-01
      338                       269   330587.070178        0.816001     -8.445088e-01
      339                       269   330587.034891        0.848001     -9.714104e-02
      340                       269   330586.999604        0.880001      4.489817e-01
      341                       269   330586.964317        0.912001      1.195336e-01
      342                       269   330586.929030        0.944001     -1.866565e-01
      343                       269   330586.893743        0.976002     -1.019002e-01
      344                       269   330586.858455        1.008002     -6.285046e-01
      345                       269   330586.823168        1.040002      1.480107e-01
      346                       269   330586.787881        1.072002     -2.006383e-01
      347                       269   330586.752594        1.104002      8.120388e-01
      348                       269   330586.717307        1.136002      8.451262e-01
      349                       269   330586.682020        1.168002     -2.840427e-01
      350                       269   330586.646733        1.200002     -3.540109e-01
      351                       269   330586.611446        1.232003     -9.789982e-01
      352                       269   330586.576158        1.264003     -2.699308e-01
      353                       269   330586.540871        1.296003      4.479665e-01
      354                       269   330586.505584        1.328003     -2.773093e-01
      355                       269   330586.470297        1.360003      8.581986e-01
      356                       269   330586.435010        1.392003      2.211194e+00
      357                       269   330586.399723        1.424003      2.929693e+00
      358                       269   330586.364436        1.456004      3.968552e+00
      359                       269   330586.329149        1.488004      5.114431e+00
      360                       269   330586.293861        1.520004      6.220240e+00
      361                       269   330586.258574        1.552004      7.099829e+00
      362                       269   330586.223287        1.584004      7.013381e+00
      363                       269   330586.188000        1.616004      6.196179e+00
      364                       269   330586.152713        1.648005      6.332179e+00
      365                       269   330586.117426        1.680005      7.042748e+00
      366                       269   330586.082139        1.712005      5.469234e+00
      367                       269   330586.046851        1.744005      4.782960e+00
      368                       269   330586.011564        1.776005      3.054499e+00
      369                       269   330585.976277        1.808005      3.029148e+00
      370                       269   330585.940990        1.840006      3.140577e+00
      371                       269   330585.905703        1.872006      3.663918e+00
      372                       269   330585.870416        1.904006      3.470149e+00
      373                       269   330585.835129        1.936006      2.753574e+00
      374                       269   330585.799842        1.968006      3.017738e+00
      375                       269   330585.764554        2.000007      2.297606e+00
      376                       269   330585.729267        2.032007      2.511810e+00
      377                       269   330585.693980        2.064007      1.453317e+00
      378                       269   330585.658693        2.096007      7.461628e-01
      379                       269   330585.623406        2.128008      1.305422e+00
      380                       269   330585.588119        2.160008      1.402259e-01
      381                       269   330585.552832        2.192008      1.804415e-01
      382                       269   330585.517545        2.224008      1.054873e+00
      383                       269   330585.482257        2.256008      2.842815e-01
      384                       269   330585.446970        2.288009      8.312634e-01
      385                       269   330585.411683        2.320009      1.391927e+00
      386                       269   330585.376396        2.352009      9.701356e-01
      387                       269   330585.341109        2.384009      2.151853e-01
      388                       269   330585.305822        2.416010      2.296895e-02
      389                       269   330585.270535        2.448010     -4.914345e-01
      390                       269   330585.235248        2.480010      5.774179e-01
      391                       269   330585.199960        2.512011      7.743180e-01
      392                       269   330585.164673        2.544011     -1.705482e-01
      393                       269   330585.129386        2.576011     -1.842268e-01
      394                       269   330585.094099        2.608011      4.684490e-01
      395                       269   330585.058812        2.640012      3.735320e-01
      396                       269   330585.023525        2.672012     -1.854308e-01
      397                       269   330584.988238        2.704012     -7.878582e-01
      398                       269   330584.952950        2.736012     -2.848756e-01
      399                       269   330584.917663        2.768013      1.406869e-01
      400                       269   330584.882376        2.800013      5.901925e-02
      401                       269   330584.847089        2.832013     -1.077696e+00
      402                       269   330584.811802        2.864014     -1.341830e+00
      403                       269   330584.776515        2.896014     -6.640860e-01
      404                       269   330584.741228        2.928014     -3.860518e-01
      405                       269   330584.705941        2.960015     -1.386265e-01
      406                       269   330584.670653        2.992015      3.134098e-01
      407                       269   330584.635366        3.024015      1.182750e+00
      408                       269   330584.600079        3.056016      9.445459e-01
      409                       269   330584.564792        3.088016      7.123145e-01
      410                       269   330584.529505        3.120016      1.301951e+00
      411                       269   330584.494218        3.152017      1.333760e+00
      412                       269   330584.458931        3.184017      1.806718e-01
      413                       269   330584.423644        3.216017     -3.769428e-01
      414                       269   330584.388356        3.248018     -1.851877e-01
      415                       269   330584.353069        3.280018      7.344566e-02
      416                       269   330584.317782        3.312018      1.398990e-01
      417                       269   330584.282495        3.344019      3.415520e-01
      418                       269   330584.247208        3.376019     -6.051443e-02
      419                       269   330584.211921        3.408019     -1.355807e-01
      420                       269   330584.176634        3.440020      3.549074e-01
      421                       269   330584.141347        3.472020      2.435147e-01
      422                       269   330584.106059        3.504020      1.042710e-01
      423                       269   330584.070772        3.536021      1.118999e+00
      424                       269   330584.035485        3.568021      7.639494e-01
      425                       269   330584.000198        3.600022      3.677831e-03
      426                       269   330583.964911        3.632022     -1.081368e-01
      427                       269   330583.929624        3.664022      9.024838e-02
      428                       269   330583.894337        3.696023     -3.907650e-02
      429                       269   330583.859050        3.728023     -2.904139e-01
      430                       269   330583.823762        3.760024      4.041718e-01
      431                       269   330583.788475        3.792024     -2.877218e-01
      432                       269   330583.753188        3.824024     -1.177023e-01
      433                       269   330583.717901        3.856025      1.585067e-01
      434                       269   330583.682614        3.888025      8.960763e-01
      435                       269   330583.647327        3.920026      1.523718e+00
      436                       269   330583.612040        3.952026      1.941815e+00
      437                       269   330583.576752        3.984026      1.293760e-01
      438                       269   330583.541465        4.016027      3.865200e-01
      439                       269   330583.506178        4.048027      2.038847e-01
      440                       269   330583.470891        4.080028      9.045302e-01
      441                       269   330583.435604        4.112028     -3.541597e-02
      442                       269   330583.400317        4.144029      3.701221e-01
      443                       269   330583.365030        4.176029      6.580947e-01
      444                       269   330583.329743        4.208030     -4.477080e-01
      445                       269   330583.294455        4.240030      4.667111e-01
      446                       269   330583.259168        4.272030      8.317083e-01
      447                       269   330583.223881        4.304031      7.416660e-01
      448                       269   330583.188594        4.336031      1.286070e+00
      449                       269   330583.153307        4.368032      4.802835e-01
      450                       269   330583.118020        4.400032     -4.954289e-01
      451                       269   330583.082733        4.432033     -2.754790e-01
      452                       269   330583.047446        4.464033     -2.033631e-01
      453                       269   330583.012158        4.496034     -1.559234e-02
      454                       269   330582.976871        4.528034      7.735528e-01
      455                       269   330582.941584        4.560035      2.575763e-01
      456                       269   330582.906297        4.592035     -3.592277e-01
      457                       269   330582.871010        4.624036      8.857624e-01
      458                       269   330582.835723        4.656036      1.912078e-01
      459                       269   330582.800436        4.688037      2.039769e-01
      460                       269   330582.765149        4.720037     -1.274246e-01
      461                       269   330582.729861        4.752038     -7.758805e-02
      462                       269   330582.694574        4.784038     -1.072530e-01
      463                       269   330582.659287        4.816039     -2.744198e-01
      464                       269   330582.624000        4.848039     -8.056573e-01
      465                       269   330582.588713        4.880040      4.471507e-01
      466                       269   330582.553426        4.912040      3.696437e-01
      467                       269   330582.518139        4.944041      2.109930e-01
      468                       269   330582.482851        4.976041      5.092242e-02
      469                       269   330582.447564        5.008042     -8.166694e-01
      470                       269   330582.412277        5.040042     -3.026618e-02
      471                       269   330582.376990        5.072043      6.179675e-01
      472                       269   330582.341703        5.104043      4.537918e-01
      473                       269   330582.306416        5.136044      7.264040e-01
      474                       269   330582.271129        5.168045      5.536516e-01
      475                       269   330582.235842        5.200045      3.637007e-01
      476                       269   330582.200554        5.232046     -6.805338e-01
      477                       269   330582.165267        5.264046     -9.997854e-01
      478                       269   330582.129980        5.296047     -1.212009e-01
      479                       269   330582.094693        5.328047     -2.930474e-01
      480                       269   330582.059406        5.360048      3.472876e-01
      481                       269   330582.024119        5.392048      1.356983e-01
      482                       269   330581.988832        5.424049      6.543938e-01
      483                       269   330581.953545        5.456050     -1.882182e-05
      484                       269   330581.918257        5.488050      4.362888e-01
      485                       269   330581.882970        5.520051      4.288424e-01
      486                       269   330581.847683        5.552051      2.032733e-01
      487                       269   330581.812396        5.584052     -6.042156e-01
      488                       269   330581.777109        5.616053      7.080729e-01
      489                       269   330581.741822        5.648053     -7.202259e-01
      490                       269   330581.706535        5.680054     -9.571499e-01
      491                       269   330581.671248        5.712054     -6.900653e-03
      492                       269   330581.635960        5.744055      6.865157e-01
      493                       269   330581.600673        5.776056      3.400126e-01
      494                       269   330581.565386        5.808056      4.104221e-01
      495                       269   330581.530099        5.840057     -1.298859e+00
      496                       269   330581.494812        5.872058     -1.016714e+00
      497                       269   330581.459525        5.904058     -6.890152e-01
      498                       269   330581.424238        5.936059     -3.679227e-01
      499                       269   330581.388950        5.968059     -1.015709e+00
      500                       269   330581.353663        6.000060     -6.275211e-01
      501                       269   330581.318376        6.032061     -4.757597e-01
      502                       269   330581.283089        6.064061     -6.135556e-01
      503                       269   330581.247802        6.096062     -3.272800e-01
      504                       269   330581.212515        6.128063     -2.902439e-01
      505                       269   330581.177228        6.160063     -2.374378e-01
      506                       269   330581.141941        6.192064      4.473411e-01
      507                       269   330581.106653        6.224065      2.834148e-01
      508                       269   330581.071366        6.256065      1.626953e-01
      509                       269   330581.036079        6.288066     -5.697512e-02
      510                       269   330581.000792        6.320067     -2.300927e-01
      511                       269   330580.965505        6.352067      3.972391e-01
      512                       269   330580.930218        6.384068     -9.880128e-02
      513                       269   330580.894931        6.416069     -7.033736e-01
      514                       269   330580.859644        6.448069     -8.143016e-01
      515                       269   330580.824356        6.480070     -4.663014e-01
      516                       269   330580.789069        6.512071     -3.393467e-01
      517                       269   330580.753782        6.544071     -9.225898e-01
      518                       269   330580.718495        6.576072     -6.772565e-04
      519                       269   330580.683208        6.608073     -4.103730e-02
      520                       269   330580.647921        6.640074     -3.398141e-01
      521                       269   330580.612634        6.672074      1.756176e-01
      522                       269   330580.577347        6.704075      1.167350e-01
      523                       269   330580.542059        6.736076      7.003366e-01
      524                       269   330580.506772        6.768076     -3.302604e-01
      525                       269   330580.471485        6.800077     -3.036526e-01
      526                       269   330580.436198        6.832078     -5.485737e-01
      527                       269   330580.400911        6.864079      7.246977e-01
      528                       269   330580.365624        6.896079      1.503484e+00
      529                       269   330580.330337        6.928080      9.730343e-01
      530                       269   330580.295050        6.960081      1.007823e+00
      531                       269   330580.259762        6.992082      8.718709e-01
      532                       269   330580.224475        7.024082     -2.702929e-01
      533                       269   330580.189188        7.056083      1.724834e-01
      534                       269   330580.153901        7.088084     -1.087035e-02
      535                       269   330580.118614        7.120085      7.213981e-01
      536                       269   330580.083327        7.152085      1.220818e+00
      537                       269   330580.048040        7.184086      1.108258e+00
      538                       269   330580.012752        7.216087      2.472049e-01
      539                       269   330579.977465        7.248088     -7.428375e-01
      540                       269   330579.942178        7.280088     -1.885999e-01
      541                       269   330579.906891        7.312089      2.099604e-02
      542                       269   330579.871604        7.344090      6.224057e-01
      543                       269   330579.836317        7.376091      9.138770e-02
      544                       269   330579.801030        7.408092      1.641236e-01
      545                       269   330579.765743        7.440092     -1.971667e-01
      546                       269   330579.730455        7.472093     -9.952083e-01
      547                       269   330579.695168        7.504094     -1.045560e+00
      548                       269   330579.659881        7.536095     -6.298154e-01
      549                       269   330579.624594        7.568096     -3.855339e-01
      550                       269   330579.589307        7.600096     -5.095579e-02
      551                       269   330579.554020        7.632097     -5.131592e-01
      552                       269   330579.518733        7.664098     -8.513536e-01
      553                       269   330579.483446        7.696099     -1.119905e+00
      554                       269   330579.448158        7.728100      2.848803e-01
      555                       269   330579.412871        7.760100      5.115932e-01
      556                       269   330579.377584        7.792101      6.966010e-01
      557                       269   330579.342297        7.824102      1.071024e+00
      558                       269   330579.307010        7.856103      5.476442e-01
      559                       269   330579.271723        7.888104     -2.274250e-01
      560                       269   330579.236436        7.920105     -7.379023e-02
      561                       269   330579.201149        7.952105     -2.912440e-01
      562                       269   330579.165861        7.984106     -6.796784e-01
      563                       269   330579.130574        8.016107      1.374395e-01
      564                       269   330579.095287        8.048108     -2.250595e-01
      565                       269   330579.060000        8.080109      9.040269e-01
      566                       269   330579.024713        8.112110      3.260343e-01
      567                       269   330578.989426        8.144111      2.412065e-01
      568                       269   330578.954139        8.176111     -5.324718e-02
      569                       269   330578.918851        8.208112     -3.658358e-02
      570                       269   330578.883564        8.240113      5.239925e-01
      571                       269   330578.848277        8.272114      2.969445e-01
      572                       269   330578.812990        8.304115     -1.025780e-01
      573                       269   330578.777703        8.336116     -9.028612e-01
      574                       269   330578.742416        8.368117     -5.632712e-01
      575                       269   330578.707129        8.400118     -1.161361e-01
      576                       269   330578.671842        8.432119      2.192185e-02
      577                       269   330578.636554        8.464119     -2.963989e-01
      578                       269   330578.601267        8.496120     -6.330034e-01
      579                       269   330578.565980        8.528121     -3.171730e-01
      580                       269   330578.530693        8.560122     -5.891048e-01
      581                       269   330578.495406        8.592123     -1.877564e+00
      582                       269   330578.460119        8.624124     -2.868027e-01
      583                       269   330578.424832        8.656125      2.369865e-01
      584                       269   330578.389545        8.688126     -4.858422e-01
      585                       269   330578.354257        8.720127     -1.998771e-01
      586                       269   330578.318970        8.752128      1.941051e-01
      587                       269   330578.283683        8.784129      2.000822e-01
      588                       269   330578.248396        8.816130      3.637527e-02
      589                       269   330578.213109        8.848131      1.054256e-01
      590                       269   330578.177822        8.880132      3.315872e-01
      591                       269   330578.142535        8.912132      6.005235e-01
      592                       269   330578.107248        8.944133      6.322129e-01
      593                       269   330578.071960        8.976134      2.068269e-01
      594                       269   330578.036673        9.008135     -1.788386e-01
      595                       269   330578.001386        9.040136     -1.106443e-01
      596                       269   330577.966099        9.072137     -3.906957e-01
      597                       269   330577.930812        9.104138     -3.933660e-02
      598                       269   330577.895525        9.136139     -2.296107e-02
      599                       269   330577.860238        9.168140      4.375473e-01
      600                       269   330577.824951        9.200141      4.563231e-01
      601                       269   330577.789663        9.232142     -8.162846e-02
      602                       269   330577.754376        9.264143      3.328627e-01
      603                       269   330577.719089        9.296144      3.495142e-01
      604                       269   330577.683802        9.328145     -5.607499e-01
      605                       269   330577.648515        9.360146      2.282691e-01
      606                       269   330577.613228        9.392147      5.082048e-02
      607                       269   330577.577941        9.424148     -1.554795e-01
      608                       269   330577.542653        9.456149     -1.144729e+00
      609                       269   330577.507366        9.488150     -5.565220e-01
      610                       269   330577.472079        9.520151      9.261085e-02
      611                       269   330577.436792        9.552152      3.469953e-01
      612                       269   330577.401505        9.584153     -3.114902e-01
      613                       269   330577.366218        9.616154      1.554582e-01
      614                       269   330577.330931        9.648155      4.652905e-02
      615                       269   330577.295644        9.680156     -7.035754e-02
      616                       269   330577.260356        9.712157      2.558428e-01
      617                       269   330577.225069        9.744158      5.667191e-01
      618                       269   330577.189782        9.776159     -1.379776e-01
      619                       269   330577.154495        9.808160     -5.373421e-01
      620                       269   330577.119208        9.840161     -1.630791e-01
      621                       269   330577.083921        9.872163     -8.434233e-01
      622                       269   330577.048634        9.904164      1.306473e-01
      623                       269   330577.013347        9.936165      1.769045e-01
      624                       269   330576.978059        9.968166      2.176994e-01
