#title: Spectral profile - cube.image-raster
#region (world): Ellipse[[05:54:20.283, +01d50m36.897], [05:54:19.487, +01d50m46.363]]
#region (pixel): Ellipse[[63, 59], [84, 76]]
#coordinate: world
#xLabel: frequency [MHz]
#yLabel: [Jy] Flux Density

# cube.image-raster
3.305990000000e+05 -9.605783224106e-01
3.305989687500e+05 -1.085699558258e+00
3.305989375000e+05 -4.267846345901e-01
3.305989062500e+05 -4.568541944027e-01
3.305988437500e+05 5.752354264259e-01
3.305988125000e+05 5.267573595047e-01
3.305987812500e+05 2.219772525132e-02
3.305987500000e+05 8.241727948189e-01
3.305987187500e+05 7.704764604568e-01
3.305986875000e+05 5.107623934746e-01
3.305986562500e+05 -9.286206215620e-02
3.305985937500e+05 1.876064687967e-01
3.305985625000e+05 2.545068562031e-01
3.305985312500e+05 9.498953819275e-01
3.305985000000e+05 5.913122296333e-01
3.305984687500e+05 2.930679917336e-01
3.305984375000e+05 -8.651902675629e-01
3.305984062500e+05 -1.267940044403e+00
3.305983750000e+05 -4.388155639172e-01
3.305983125000e+05 2.707765400410e-01
3.305982812500e+05 5.716291666031e-01
3.305982500000e+05 -1.532370448112e-01
3.305982187500e+05 -6.512811034918e-02
3.305981875000e+05 5.350493192673e-01
3.305981562500e+05 4.415919184685e-01
3.305981250000e+05 4.554890394211e-01
3.305980937500e+05 -3.699541389942e-01
3.305980312500e+05 4.899981021881e-01
3.305980000000e+05 7.478560805321e-01
3.305979687500e+05 -5.576200485229e-01
3.305979375000e+05 8.883674442768e-02
3.305979062500e+05 -3.523060977459e-01
3.305978750000e+05 -9.617456197739e-01
3.305978437500e+05 -1.817458122969e-01
3.305978125000e+05 3.247335180640e-02
3.305977500000e+05 -3.311020731926e-01
3.305977187500e+05 -4.550514817238e-01
3.305976875000e+05 4.928011596203e-01
3.305976562500e+05 4.933963418007e-01
3.305976250000e+05 -1.819724142551e-01
3.305975937500e+05 -9.990262389183e-01
3.305975625000e+05 -1.706204749644e-02
3.305975000000e+05 -2.598393335938e-02
3.305974687500e+05 2.662848532200e-01
3.305974375000e+05 2.116912007332e-01
3.305974062500e+05 8.167480677366e-02
3.305973750000e+05 6.138670444489e-01
3.305973437500e+05 6.346107721329e-01
3.305973125000e+05 2.034263908863e-01
3.305972812500e+05 1.564169883728e+00
3.305972187500e+05 8.249747753143e-01
3.305971875000e+05 5.579913258553e-01
3.305971562500e+05 -3.226073384285e-01
3.305971250000e+05 -4.478148818016e-01
3.305970937500e+05 4.122335910797e-01
3.305970625000e+05 -3.178376555443e-01
3.305970312500e+05 -4.140982925892e-01
3.305970000000e+05 -8.999884873629e-02
3.305969375000e+05 2.313168495893e-01
3.305969062500e+05 -9.508718252182e-01
3.305968750000e+05 -2.066335640848e-02
3.305968437500e+05 2.220573723316e-01
3.305968125000e+05 4.182849824429e-01
3.305967812500e+05 3.903638422489e-01
3.305967500000e+05 6.243624091148e-01
3.305967187500e+05 3.249834850430e-02
3.305966562500e+05 -2.055600285530e-01
3.305966250000e+05 -2.236202359200e-01
3.305965937500e+05 -2.478795945644e-01
3.305965625000e+05 7.958054542542e-03
3.305965312500e+05 -3.795057535172e-01
3.305965000000e+05 5.072875618935e-01
3.305964687500e+05 -1.301203668118e-01
3.305964062500e+05 1.418451219797e-01
3.305963750000e+05 6.412857174873e-01
3.305963437500e+05 5.088253617287e-01
3.305963125000e+05 2.169331014156e-01
3.305962812500e+05 -4.675160646439e-01
3.305962500000e+05 1.057477891445e-01
3.305962187500e+05 5.612270906568e-02
3.305961875000e+05 -6.539434790611e-01
3.305961250000e+05 -5.829815864563e-01
3.305960937500e+05 3.449651598930e-01
3.305960625000e+05 2.570490837097e-01
3.305960312500e+05 -2.925114519894e-02
3.305960000000e+05 -1.895978115499e-02
3.305959687500e+05 -1.354743838310e+00
3.305959375000e+05 -8.020008802414e-01
3.305959062500e+05 -7.323554158211e-01
3.305958437500e+05 -5.361047983170e-01
3.305958125000e+05 -3.173075616360e-01
3.305957812500e+05 8.120429515839e-02
3.305957500000e+05 5.152829885483e-01
3.305957187500e+05 5.893936753273e-02
3.305956875000e+05 9.886124730110e-02
3.305956562500e+05 -2.713341712952e-01
3.305956250000e+05 -3.401319980621e-01
3.305955625000e+05 -7.510157227516e-01
3.305955312500e+05 -7.106214761734e-01
3.305955000000e+05 -1.209926828742e-01
3.305954687500e+05 2.426499687135e-02
3.305954375000e+05 3.623282909393e-01
3.305954062500e+05 5.566108822823e-01
3.305953750000e+05 7.306701689959e-02
3.305953125000e+05 -3.019404411316e-01
3.305952812500e+05 5.634003281593e-01
3.305952500000e+05 5.034782290459e-01
3.305952187500e+05 1.263808459044e-01
3.305951875000e+05 5.659346580505e-01
3.305951562500e+05 8.563026785851e-02
3.305951250000e+05 3.178691565990e-01
3.305950937500e+05 -3.838617503643e-01
3.305950312500e+05 2.775969803333e-01
3.305950000000e+05 3.398871421814e-01
3.305949687500e+05 6.771369576454e-01
3.305949375000e+05 4.886314868927e-01
3.305949062500e+05 8.097684383392e-01
3.305948750000e+05 4.521734118462e-01
3.305948437500e+05 -8.550551533699e-01
3.305948125000e+05 -6.435538530350e-01
3.305947500000e+05 -6.728494167328e-01
3.305947187500e+05 -4.881279766560e-01
3.305946875000e+05 -2.155535072088e-01
3.305946562500e+05 2.874657511711e-02
3.305946250000e+05 3.539325296879e-01
3.305945937500e+05 4.439024925232e-01
3.305945625000e+05 -1.059097796679e-01
3.305945312500e+05 -4.828703701496e-01
3.305944687500e+05 -6.459717750549e-01
3.305944375000e+05 -5.385466217995e-01
3.305944062500e+05 -6.199027299881e-01
3.305943750000e+05 -1.103732347488e+00
3.305943437500e+05 -6.113190650940e-01
3.305943125000e+05 -1.706590652466e-01
3.305942812500e+05 -1.423894315958e-01
3.305942187500e+05 9.929042458534e-01
3.305941875000e+05 5.810555815697e-01
3.305941562500e+05 1.075325489044e+00
3.305941250000e+05 1.161923885345e+00
3.305940937500e+05 1.057087898254e+00
3.305940625000e+05 1.288515686989e+00
3.305940312500e+05 8.363118171692e-01
3.305940000000e+05 8.919394761324e-02
3.305939375000e+05 -5.780839323997e-01
3.305939062500e+05 2.000512927771e-01
3.305938750000e+05 9.450750797987e-02
3.305938437500e+05 5.203853920102e-02
3.305938125000e+05 -4.056494832039e-01
3.305937812500e+05 -4.892269670963e-01
3.305937500000e+05 -3.816419839859e-01
3.305937187500e+05 1.524435281754e-01
3.305936562500e+05 1.309532403946e+00
3.305936250000e+05 1.184527039528e+00
3.305935937500e+05 -2.689877748489e-01
3.305935625000e+05 -7.695842385292e-01
3.305935312500e+05 -7.964413166046e-01
3.305935000000e+05 -9.662968516350e-01
3.305934687500e+05 -8.474072068930e-02
3.305934062500e+05 -2.786516398191e-02
3.305933750000e+05 1.275258362293e-01
3.305933437500e+05 -3.955464065075e-01
3.305933125000e+05 3.126660287380e-01
3.305932812500e+05 -4.621460735798e-01
3.305932500000e+05 2.325133979321e-01
3.305932187500e+05 3.721473217010e-01
3.305931875000e+05 3.183136880398e-01
3.305931250000e+05 6.433148384094e-01
3.305930937500e+05 6.776856184006e-01
3.305930625000e+05 -2.973197996616e-01
3.305930312500e+05 -1.972759664059e-01
3.305930000000e+05 8.930373787880e-01
3.305929687500e+05 1.055269002914e+00
3.305929375000e+05 7.587844878435e-02
3.305929062500e+05 3.054573237896e-01
3.305928437500e+05 7.623339295387e-01
3.305928125000e+05 4.993072152138e-01
3.305927812500e+05 1.531862616539e+00
3.305927500000e+05 5.702750682831e-01
3.305927187500e+05 -1.718752086163e-01
3.305926875000e+05 -6.750238537788e-01
3.305926562500e+05 -7.333350926638e-02
3.305926250000e+05 -9.091594219208e-01
3.305925625000e+05 -3.465693295002e-01
3.305925312500e+05 -2.091821581125e-01
3.305925000000e+05 -1.384698897600e-01
3.305924687500e+05 -2.463643848896e-01
3.305924375000e+05 -7.088574767113e-01
3.305924062500e+05 -3.235801458359e-01
3.305923750000e+05 -5.232638716698e-01
3.305923125000e+05 -1.559115350246e-01
3.305922812500e+05 4.818811714649e-01
3.305922500000e+05 1.729326844215e-01
3.305922187500e+05 4.187589287758e-01
3.305921875000e+05 3.556481599808e-01
3.305921562500e+05 -7.140210270882e-01
3.305921250000e+05 -1.263134360313e+00
3.305920937500e+05 1.648967117071e-01
3.305920312500e+05 -5.100544095039e-01
3.305920000000e+05 -5.868579149246e-01
3.305919687500e+05 3.938815891743e-01
3.305919375000e+05 9.882947802544e-02
3.305919062500e+05 1.361644387245e+00
3.305918750000e+05 5.219128131866e-01
3.305918437500e+05 -1.671369373798e-01
3.305918125000e+05 3.306033611298e-01
3.305917500000e+05 -7.413475215435e-02
3.305917187500e+05 2.381402999163e-01
3.305916875000e+05 4.223053455353e-01
3.305916562500e+05 -7.306079566479e-02
3.305916250000e+05 -2.053532153368e-01
3.305915937500e+05 2.005495578051e-01
3.305915625000e+05 -2.539491653442e-01
3.305915312500e+05 -2.408452779055e-01
3.305914687500e+05 -3.256822526455e-01
3.305914375000e+05 -2.650304734707e-01
3.305914062500e+05 8.784605190158e-03
3.305913750000e+05 2.340315133333e-01
3.305913437500e+05 -4.446640014648e-01
3.305913125000e+05 -7.515778392553e-02
3.305912812500e+05 7.065816223621e-02
3.305912187500e+05 1.549764126539e-01
3.305911875000e+05 -3.076439797878e-01
3.305911562500e+05 3.517923355103e-01
3.305911250000e+05 4.291103482246e-01
3.305910937500e+05 1.631612032652e-01
3.305910625000e+05 1.979039050639e-02
3.305910312500e+05 -7.077595591545e-02
3.305910000000e+05 -1.680242866278e-01
3.305909375000e+05 -1.609421491623e+00
3.305909062500e+05 -6.732094883919e-01
3.305908750000e+05 7.557270675898e-02
3.305908437500e+05 1.531918644905e-01
3.305908125000e+05 -1.033637449145e-01
3.305907812500e+05 -8.677879571915e-01
3.305907500000e+05 -8.115503787994e-01
3.305907187500e+05 -6.766921281815e-02
3.305906562500e+05 1.852479875088e-01
3.305906250000e+05 -1.018145918846e+00
3.305905937500e+05 2.013978660107e-01
3.305905625000e+05 -5.264164209366e-01
3.305905312500e+05 -8.549285531044e-01
3.305905000000e+05 4.118903577328e-01
3.305904687500e+05 2.877919971943e-01
3.305904375000e+05 1.845903098583e-01
3.305903750000e+05 7.117430567741e-01
3.305903437500e+05 4.297289252281e-01
3.305903125000e+05 5.689643621445e-01
3.305902812500e+05 4.759082198143e-01
3.305902500000e+05 8.191330432892e-01
3.305902187500e+05 5.508385896683e-01
3.305901875000e+05 -1.141276806593e-01
3.305901250000e+05 -1.606819778681e-01
3.305900937500e+05 -1.508669614792e+00
3.305900625000e+05 -1.228234767914e+00
3.305900312500e+05 -8.767459392548e-01
3.305900000000e+05 -5.698869824409e-01
3.305899687500e+05 -9.003148972988e-02
3.305899375000e+05 1.797200441360e-01
3.305899062500e+05 -7.581902295351e-02
3.305898437500e+05 2.916683852673e-01
3.305898125000e+05 -2.964767813683e-01
3.305897812500e+05 -3.382954746485e-02
3.305897500000e+05 -5.290334224701e-01
3.305897187500e+05 -5.681506991386e-01
3.305896875000e+05 4.240129590034e-01
3.305896562500e+05 5.883687734604e-01
3.305896250000e+05 1.694741696119e-01
3.305895625000e+05 -7.714527100325e-02
3.305895312500e+05 4.881560206413e-01
3.305895000000e+05 -3.440756797791e-01
3.305894687500e+05 -6.011516451836e-01
3.305894375000e+05 1.568330049515e+00
3.305894062500e+05 1.106748461723e+00
3.305893750000e+05 6.887261867523e-01
3.305893437500e+05 2.006891518831e-01
3.305892812500e+05 -2.205614745617e-02
3.305892500000e+05 3.300729990005e-01
3.305892187500e+05 6.204364299774e-01
3.305891875000e+05 -2.641107738018e-01
3.305891562500e+05 1.487985700369e-01
3.305891250000e+05 -1.581294536591e-01
3.305890937500e+05 -1.906155645847e-01
3.305890312500e+05 -5.799120068550e-01
3.305890000000e+05 -6.936983019114e-02
3.305889687500e+05 -9.854502230883e-02
3.305889375000e+05 -1.905390918255e-01
3.305889062500e+05 2.494292408228e-01
3.305888750000e+05 8.401918411255e-01
3.305888437500e+05 2.484558969736e-01
3.305888125000e+05 -1.018018424511e-01
3.305887500000e+05 4.252072274685e-01
3.305887187500e+05 3.727177679539e-01
3.305886875000e+05 -4.873726963997e-01
3.305886562500e+05 2.091298550367e-01
3.305886250000e+05 -6.430137902498e-02
3.305885937500e+05 -1.597678810358e-01
3.305885625000e+05 1.570584923029e-01
3.305885312500e+05 5.577176809311e-01
3.305884687500e+05 7.908523082733e-01
3.305884375000e+05 7.062143683434e-01
3.305884062500e+05 4.758928120136e-01
3.305883750000e+05 4.653166234493e-01
3.305883437500e+05 -7.338780909777e-02
3.305883125000e+05 1.775116622448e-01
3.305882812500e+05 8.936715722084e-01
3.305882500000e+05 6.862891912460e-01
3.305881875000e+05 1.049847483635e+00
3.305881562500e+05 1.309997558594e+00
3.305881250000e+05 1.364898443222e+00
3.305880937500e+05 1.194347366691e-01
3.305880625000e+05 1.785502433777e+00
3.305880312500e+05 1.138778328896e+00
3.305880000000e+05 1.375614523888e+00
3.305879375000e+05 2.575396776199e+00
3.305879062500e+05 1.455997467041e+00
3.305878750000e+05 7.157674431801e-01
3.305878437500e+05 1.344724774361e+00
3.305878125000e+05 2.990431547165e+00
3.305877812500e+05 3.104991674423e+00
3.305877500000e+05 2.997343778610e+00
3.305877187500e+05 3.193601131439e+00
3.305876562500e+05 4.069728374481e+00
3.305876250000e+05 4.467426776886e+00
3.305875937500e+05 3.689325571060e+00
3.305875625000e+05 4.970658779144e+00
3.305875312500e+05 4.846551895142e+00
3.305875000000e+05 5.196235179901e+00
3.305874687500e+05 5.153738975525e+00
3.305874375000e+05 6.738187789917e+00
3.305873750000e+05 7.515038013458e+00
3.305873437500e+05 6.750088691711e+00
3.305873125000e+05 5.359471321106e+00
3.305872812500e+05 3.784328460693e+00
3.305872500000e+05 2.155390501022e+00
3.305872187500e+05 1.070383071899e+00
3.305871875000e+05 1.633996665478e-01
3.305871562500e+05 9.088313579559e-02
3.305870937500e+05 8.305151015520e-02
3.305870625000e+05 -8.626868724823e-01
3.305870312500e+05 -1.414161920547e-01
3.305870000000e+05 4.231730401516e-01
3.305869687500e+05 1.071410179138e-01
3.305869375000e+05 -1.876076310873e-01
3.305869062500e+05 -7.406116276979e-02
3.305868437500e+05 -6.121591329575e-01
3.305868125000e+05 1.639520972967e-01
3.305867812500e+05 -2.200524210930e-01
3.305867500000e+05 8.627910017967e-01
3.305867187500e+05 9.204518198967e-01
3.305866875000e+05 -2.186654806137e-01
3.305866562500e+05 -3.100019097328e-01
3.305866250000e+05 -9.329474568367e-01
3.305865625000e+05 -2.100321054459e-01
3.305865312500e+05 4.977936744690e-01
3.305865000000e+05 -2.471058517694e-01
3.305864687500e+05 8.811119198799e-01
3.305864375000e+05 2.200152158737e+00
3.305864062500e+05 2.942413806915e+00
3.305863750000e+05 3.996655464172e+00
3.305863437500e+05 5.146443367004e+00
3.305862812500e+05 6.290461540222e+00
3.305862500000e+05 7.151635169983e+00
3.305862187500e+05 7.093273162842e+00
3.305861875000e+05 6.162556171417e+00
3.305861562500e+05 6.314049243927e+00
3.305861250000e+05 7.001176834106e+00
3.305860937500e+05 5.439993858337e+00
3.305860312500e+05 4.749019145966e+00
3.305860000000e+05 2.985893487930e+00
3.305859687500e+05 2.928668260574e+00
3.305859375000e+05 3.080335855484e+00
3.305859062500e+05 3.628297328949e+00
3.305858750000e+05 3.410950183868e+00
3.305858437500e+05 2.704312086105e+00
3.305858125000e+05 3.055453538895e+00
3.305857500000e+05 2.267950773239e+00
3.305857187500e+05 2.438927173615e+00
3.305856875000e+05 1.403577685356e+00
3.305856562500e+05 7.431570291519e-01
3.305856250000e+05 1.315648198128e+00
3.305855937500e+05 1.078680232167e-01
3.305855625000e+05 1.401942074299e-01
3.305855312500e+05 1.063300609589e+00
3.305854687500e+05 3.153849542141e-01
3.305854375000e+05 8.182644248009e-01
3.305854062500e+05 1.350285649300e+00
3.305853750000e+05 9.871029853821e-01
3.305853437500e+05 1.121863648295e-01
3.305853125000e+05 -4.615538567305e-02
3.305852812500e+05 -5.191996097565e-01
3.305852500000e+05 5.789672732353e-01
3.305851875000e+05 7.804040908813e-01
3.305851562500e+05 -1.667839586735e-01
3.305851250000e+05 -1.946741640568e-01
3.305850937500e+05 4.193792641163e-01
3.305850625000e+05 2.776242792606e-01
3.305850312500e+05 -2.606317698956e-01
3.305850000000e+05 -8.663031458855e-01
3.305849375000e+05 -3.544218838215e-01
3.305849062500e+05 1.121565476060e-01
3.305848750000e+05 5.169457197189e-02
3.305848437500e+05 -1.046609759331e+00
3.305848125000e+05 -1.387569904327e+00
3.305847812500e+05 -7.158104181290e-01
3.305847500000e+05 -4.060930907726e-01
3.305847187500e+05 -1.470615267754e-01
3.305846562500e+05 3.174572288990e-01
3.305846250000e+05 1.243684768677e+00
3.305845937500e+05 9.522793889046e-01
3.305845625000e+05 7.208448052406e-01
3.305845312500e+05 1.279071927071e+00
3.305845000000e+05 1.351198196411e+00
3.305844687500e+05 1.659204512835e-01
3.305844375000e+05 -2.852801978588e-01
3.305843750000e+05 -1.047542244196e-01
3.305843437500e+05 9.556037187576e-02
3.305843125000e+05 1.809746623039e-01
3.305842812500e+05 3.472638428211e-01
3.305842500000e+05 -1.442164368927e-02
3.305842187500e+05 -1.529438197613e-01
3.305841875000e+05 3.377557992935e-01
3.305841562500e+05 2.142719924450e-01
3.305840937500e+05 7.286109775305e-02
3.305840625000e+05 1.107650637627e+00
3.305840312500e+05 7.400134205818e-01
3.305840000000e+05 -1.115651614964e-02
3.305839687500e+05 -5.030584335327e-02
3.305839375000e+05 1.613377332687e-01
3.305839062500e+05 -2.299536019564e-02
3.305838437500e+05 -2.801990807056e-01
3.305838125000e+05 4.134597480297e-01
3.305837812500e+05 -3.357649743557e-01
3.305837500000e+05 -1.164493262768e-01
3.305837187500e+05 1.715256422758e-01
3.305836875000e+05 9.085440039635e-01
3.305836562500e+05 1.496328830719e+00
3.305836250000e+05 1.936921954155e+00
3.305835625000e+05 1.985501796007e-01
3.305835312500e+05 4.104651510715e-01
3.305835000000e+05 2.210734635592e-01
3.305834687500e+05 8.808557391167e-01
3.305834375000e+05 -7.108139246702e-02
3.305834062500e+05 3.528322577477e-01
3.305833750000e+05 5.834233164787e-01
3.305833437500e+05 -4.488043189049e-01
3.305832812500e+05 4.895144402981e-01
3.305832500000e+05 8.365538120270e-01
3.305832187500e+05 7.597036957741e-01
3.305831875000e+05 1.244333982468e+00
3.305831562500e+05 4.688942730427e-01
3.305831250000e+05 -4.695214331150e-01
3.305830937500e+05 -2.766244411469e-01
3.305830625000e+05 -2.173156589270e-01
3.305830000000e+05 3.091918304563e-02
3.305829687500e+05 8.545244336128e-01
3.305829375000e+05 2.927333414555e-01
3.305829062500e+05 -3.427659869194e-01
3.305828750000e+05 9.303538203239e-01
3.305828437500e+05 1.697525531054e-01
3.305828125000e+05 1.935308277607e-01
3.305827500000e+05 -9.622129052877e-02
3.305827187500e+05 -1.840348355472e-02
3.305826875000e+05 -4.747188091278e-02
3.305826562500e+05 -3.239047229290e-01
3.305826250000e+05 -8.649667501450e-01
3.305825937500e+05 4.196324944496e-01
3.305825625000e+05 4.031660854816e-01
3.305825312500e+05 2.142160236835e-01
3.305824687500e+05 4.218371585011e-02
3.305824375000e+05 -8.015739917755e-01
3.305824062500e+05 -2.521606720984e-02
3.305823750000e+05 6.338096857071e-01
3.305823437500e+05 4.567596316338e-01
3.305823125000e+05 7.270418405533e-01
3.305822812500e+05 5.260207653046e-01
3.305822500000e+05 3.202552497387e-01
3.305821875000e+05 -6.559849977493e-01
3.305821562500e+05 -9.817773699760e-01
3.305821250000e+05 -1.018318608403e-01
3.305820937500e+05 -2.660010159016e-01
3.305820625000e+05 3.490239083767e-01
3.305820312500e+05 1.782887727022e-01
3.305820000000e+05 6.815879940987e-01
3.305819687500e+05 -2.685450762510e-02
3.305819062500e+05 3.908512294292e-01
3.305818750000e+05 3.603810369968e-01
3.305818437500e+05 1.915971189737e-01
3.305818125000e+05 -5.532540678978e-01
3.305817812500e+05 7.193103432655e-01
3.305817500000e+05 -7.707130908966e-01
3.305817187500e+05 -9.584054350853e-01
3.305816562500e+05 7.138951681554e-03
3.305816250000e+05 6.548216342926e-01
3.305815937500e+05 3.820726573467e-01
3.305815625000e+05 4.504201114178e-01
3.305815312500e+05 -1.277057528496e+00
3.305815000000e+05 -1.013798713684e+00
3.305814687500e+05 -7.386868000031e-01
3.305814375000e+05 -4.487845003605e-01
3.305813750000e+05 -1.088669776917e+00
3.305813437500e+05 -6.018618345261e-01
3.305813125000e+05 -4.710826575756e-01
3.305812812500e+05 -5.738431215286e-01
3.305812500000e+05 -3.397566378117e-01
3.305812187500e+05 -2.768267989159e-01
3.305811875000e+05 -2.726327180862e-01
3.305811562500e+05 3.949312269688e-01
3.305810937500e+05 2.301953285933e-01
3.305810625000e+05 1.544664204121e-01
3.305810312500e+05 -7.589961588383e-02
3.305810000000e+05 -2.455343157053e-01
3.305809687500e+05 4.379647374153e-01
3.305809375000e+05 -1.024292409420e-01
3.305809062500e+05 -7.302369475365e-01
3.305808750000e+05 -8.139041662216e-01
3.305808125000e+05 -5.177340507507e-01
3.305807812500e+05 -3.609653413296e-01
3.305807500000e+05 -9.308477640152e-01
3.305807187500e+05 2.551605738699e-02
3.305806875000e+05 -2.782313339412e-02
3.305806562500e+05 -3.975147604942e-01
3.305806250000e+05 1.395153403282e-01
3.305805625000e+05 1.070578247309e-01
3.305805312500e+05 6.856511235237e-01
3.305805000000e+05 -3.641123473644e-01
3.305804687500e+05 -3.702664375305e-01
3.305804375000e+05 -5.767976045609e-01
3.305804062500e+05 7.588959932327e-01
3.305803750000e+05 1.529630422592e+00
3.305803437500e+05 1.008830904961e+00
3.305802812500e+05 1.004317045212e+00
3.305802500000e+05 8.930353522301e-01
3.305802187500e+05 -3.093625009060e-01
3.305801875000e+05 2.156033813953e-01
3.305801562500e+05 1.808695495129e-02
3.305801250000e+05 7.256252765656e-01
3.305800937500e+05 1.170380592346e+00
3.305800625000e+05 1.062072634697e+00
3.305800000000e+05 2.975677549839e-01
3.305799687500e+05 -7.065986394882e-01
3.305799375000e+05 -1.769925802946e-01
3.305799062500e+05 4.019478335977e-02
3.305798750000e+05 6.398913264275e-01
3.305798437500e+05 1.367691755295e-01
3.305798125000e+05 1.951028406620e-01
3.305797812500e+05 -2.011147141457e-01
3.305797187500e+05 -1.027440309525e+00
3.305796875000e+05 -1.067318797112e+00
3.305796562500e+05 -7.183338403702e-01
3.305796250000e+05 -4.407947659492e-01
3.305795937500e+05 -5.030648410320e-02
3.305795625000e+05 -5.120261311531e-01
3.305795312500e+05 -8.578078746796e-01
3.305794687500e+05 -1.139535427094e+00
3.305794375000e+05 2.683198153973e-01
3.305794062500e+05 4.739656448364e-01
3.305793750000e+05 7.072840929031e-01
3.305793437500e+05 1.053051829338e+00
3.305793125000e+05 4.899508357048e-01
3.305792812500e+05 -2.638941407204e-01
3.305792500000e+05 -8.605178445578e-02
3.305791875000e+05 -3.383250236511e-01
3.305791562500e+05 -6.822945475578e-01
3.305791250000e+05 1.493558734655e-01
3.305790937500e+05 -2.567611336708e-01
3.305790625000e+05 8.411409854889e-01
3.305790312500e+05 3.547912836075e-01
3.305790000000e+05 2.716909348965e-01
3.305789687500e+05 -2.461857907474e-02
3.305789062500e+05 -9.073878638446e-03
3.305788750000e+05 5.397394895554e-01
3.305788437500e+05 3.727573156357e-01
3.305788125000e+05 -7.552723586559e-02
3.305787812500e+05 -9.373025894165e-01
3.305787500000e+05 -5.961981415749e-01
3.305787187500e+05 -1.296135336161e-01
3.305786562500e+05 7.617676164955e-03
3.305786250000e+05 -2.591962218285e-01
3.305785937500e+05 -6.708104610443e-01
3.305785625000e+05 -3.098290264606e-01
3.305785312500e+05 -6.036990880966e-01
3.305785000000e+05 -1.931143164635e+00
3.305784687500e+05 -3.186223804951e-01
3.305784375000e+05 2.219879776239e-01
3.305783750000e+05 -5.218095779419e-01
3.305783437500e+05 -2.025846987963e-01
3.305783125000e+05 2.175789475441e-01
3.305782812500e+05 2.561333179474e-01
3.305782500000e+05 3.747069463134e-02
3.305782187500e+05 5.306064337492e-02
3.305781875000e+05 3.079690039158e-01
3.305781562500e+05 6.027420759201e-01
3.305780937500e+05 6.312076449394e-01
3.305780625000e+05 2.381411343813e-01
3.305780312500e+05 -1.472513377666e-01
3.305780000000e+05 -1.041183397174e-01
3.305779687500e+05 -3.364169597626e-01
3.305779375000e+05 -3.116279607639e-03
3.305779062500e+05 -3.776797279716e-02
3.305778750000e+05 4.286433160305e-01
3.305778125000e+05 4.670402407646e-01
3.305777812500e+05 -6.199224665761e-02
3.305777500000e+05 3.719045221806e-01
3.305777187500e+05 3.818874657154e-01
3.305776875000e+05 -5.345585346222e-01
3.305776562500e+05 2.990570068359e-01
3.305776250000e+05 5.868860706687e-02
3.305775625000e+05 -1.841228753328e-01
3.305775312500e+05 -1.155252099037e+00
3.305775000000e+05 -5.393513441086e-01
3.305774687500e+05 3.471484407783e-02
3.305774375000e+05 3.490849435329e-01
3.305774062500e+05 -2.930080294609e-01
3.305773750000e+05 1.792769134045e-01
3.305773437500e+05 5.057914555073e-02
3.305772812500e+05 -8.872345089912e-02
3.305772500000e+05 2.398661226034e-01
3.305772187500e+05 5.813131928444e-01
3.305771875000e+05 -9.464655816555e-02
3.305771562500e+05 -5.311703681946e-01
3.305771250000e+05 -1.425562351942e-01
3.305770937500e+05 -8.396103978157e-01
3.305770625000e+05 1.113556995988e-01
3.305770000000e+05 1.922997832298e-01
3.305769687500e+05 2.306206524372e-01
